5764
6847 4000 32
6370 996 2
6277 2149 18
991 6220 27
5678 414 41
1512 3198 61
2353 414 15
2767 490 110
293 6376 24
5001 3840 44
1100 1099 32
731 106 28
585 25 33
1204 1647 15
522 5919 22
3857 4766 34
2909 2381 41
3088 992 11
3163 563 2
267 831 2
3546 2861 45
909 1303 2
1732 4280 72
4412 3593 24
2716 1603 2
1531 6287 3
1590 4437 2
3390 6563 41
4079 6139 90
1233 106 28
3334 121 59
798 799 2
1497 5148 3
266 253 11
2359 4689 51
2758 309 52
4577 25 33
5842 951 44
4277 914 41
3045 1969 116
131 73 38
2508 3585 24
2451 1752 2
2379 1416 2
2224 810 6
4058 2451 2
4080 3110 81
2778 386 2
868 3410 18
1383 2313 32
190 898 24
1189 4678 51
1732 283 10
293 1361 2
1570 1080 24
979 121 59
2722 1835 2
5910 3504 10
430 2855 51
4917 609 10
115 6340 2
4293 575 2
4064 308 45
448 1279 3
5932 4364 2
2067 3402 0
5664 5689 3
1456 4932 2
3174 563 0
6287 124 6
4430 2788 24
1394 103 110
2911 3813 61
1944 1994 11
5878 1089 36
5430 6064 32
157 935 53
522 1668 22
827 2547 81
792 471 66
223 73 38
1560 2864 53
1148 914 41
3428 2709 30
5484 475 2
6454 25 33
1412 5497 45
1644 3959 11
3059 4026 2
267 1029 2
3918 694 10
1546 4803 18
943 253 11
57 3669 6
3476 1177 2
1938 1473 24
4276 602 10
656 628 24
2659 914 41
472 1120 41
764 1518 6
3641 3965 45
2740 1082 3
3345 5349 3
1095 3571 18
252 1654 18
2345 275 28
4688 3405 70
6203 5249 49
3408 3745 2
1600 1925 24
1643 2496 26
2050 1923 2
1020 2219 6
3303 2575 128
5896 597 6
1803 2032 3
3996 3503 44
4482 1396 50
931 4905 3
1045 4518 125
5918 5690 0
1938 2910 3
6596 283 10
3338 156 18
1594 1099 32
1559 235 32
203 1702 24
3759 4212 24
4743 5004 15
2869 966 10
2352 25 33
3435 1956 114
308 684 26
374 1687 11
1429 3345 32
5267 1091 11
4185 1989 2
2109 2286 13
1603 3860 2
2962 25 33
374 2560 11
5759 574 10
4440 2398 3
3969 2989 6
653 3476 2
394 934 32
672 673 10
797 1447 74
2073 1292 2
2304 25 33
4299 4138 70
1464 121 59
2984 694 10
1790 106 28
3255 3815 30
2458 1738 2
4457 5736 3
4130 2645 24
2864 2452 22
1480 1704 3
4059 5381 2
943 3919 11
3836 641 73
2604 1828 2
4515 309 52
2547 1778 24
4306 924 2
1890 275 28
2065 4010 30
3815 4189 41
3485 280 11
1743 2599 2
2906 3012 73
3592 1200 49
3669 1536 2
3334 5352 3
2707 4693 34
6035 309 52
14 4083 18
5398 5152 18
1394 910 3
4730 47 10
4475 1320 11
1942 4134 32
4047 3675 70
2499 2160 11
138 2173 3
5073 25 33
394 723 32
5179 1282 74
633 1660 32
4796 48 16
2477 2570 61
5902 1346 41
3296 2864 6
65 4996 3
6064 821 10
562 1173 10
4837 161 41
115 309 52
1496 135 41
2684 48 16
2088 175 41
2313 6285 41
3269 25 33
1373 2805 45
3495 283 10
487 309 52
5565 109 6
1383 3677 32
3675 106 28
3676 3677 6
3964 2807 45
1536 2683 24
5525 1971 24
2828 2827 2
2313 3348 24
1842 3397 11
817 98 10
1644 4632 11
2395 2240 2
2931 2075 91
1885 3669 32
943 5619 11
3827 3595 11
948 121 59
2995 5811 18
4923 221 26
1938 4280 46
67 831 32
1042 4627 2
3200 2562 3
2909 1120 41
2863 4797 2
4739 4278 2
2095 602 10
2700 25 33
1842 4073 11
424 190 53
4241 4697 3
1482 1568 53
126 1173 10
165 1996 32
3882 4104 24
3272 1981 12
822 1357 24
3758 4341 3
2088 2226 2
4872 190 53
5465 5078 18
4392 5215 110
487 3591 24
5269 25 33
3708 3296 24
4665 2975 115
502 3728 2
308 6229 24
5197 3336 12
1974 3364 2
1371 5939 10
2960 2286 18
1144 2324 2
732 3648 32
2741 2997 2
1194 25 92
138 5672 74
280 602 10
4188 2957 13
447 106 28
419 785 32
3669 155 10
1660 153 101
522 5539 22
3723 2021 2
4201 155 10
3677 275 28
2265 2908 6
3555 1740 43
4335 399 80
889 1554 85
1570 2788 24
616 1905 24
67 794 32
3591 488 0
1938 5179 74
3005 5153 2
1944 1860 11
1331 6050 61
5690 5918 24
1546 573 18
1376 4646 24
6156 5748 3
5145 1717 53
2413 3520 24
1706 566 3
1497 2932 46
2174 2776 70
490 3685 3
1685 1734 6
3040 1497 30
1593 1444 10
4091 4327 24
4803 4333 61
1037 1938 72
1832 2042 15
3139 1112 53
528 764 93
3325 175 41
3448 4407 2
417 3443 43
3773 1612 26
5747 73 38
569 4782 2
5430 965 32
3765 3083 125
1225 190 32
646 4348 22
2689 1807 3
3935 106 28
1717 4794 1
2066 673 10
3369 1919 2
1684 2050 2
3705 25 33
4219 25 33
1458 781 41
399 992 27
2394 3606 2
4837 1132 52
2860 5838 6
1558 1014 24
871 1299 51
4032 5848 18
1981 1980 94
5045 2306 115
3 908 2
1670 5287 13
848 309 52
2806 98 10
1321 1444 10
4306 25 33
5900 190 53
822 106 28
2038 5564 15
3391 309 52
2205 615 2
2153 2756 3
3032 2985 94
4823 1789 6
3577 5792 51
4345 716 24
4713 1444 10
3040 20 41
331 4029 32
1961 309 52
817 3321 12
4959 2249 6
2850 2851 2
2569 4417 66
1832 98 10
4096 799 6
6024 6424 41
516 3527 13
2409 175 15
5514 3507 115
4432 541 6
2659 609 10
5181 6437 24
153 1709 27
5618 392 32
2454 524 69
1824 1908 32
2198 1600 51
1163 1235 32
4860 4803 110
2328 3149 24
2624 1941 93
1935 3406 2
1733 989 27
931 2108 3
91 3959 27
1683 348 2
2716 3859 2
3040 2517 3
2648 1803 32
3739 2776 70
1112 3630 22
2455 5320 11
190 3940 22
3839 4355 45
2020 2042 92
3144 822 2
3548 4728 53
4737 5827 2
1103 2578 12
536 4848 2
1893 47 10
6586 1409 43
227 106 28
4750 1129 2
5246 5220 18
4860 487 2
1525 1444 10
5405 945 26
5475 2216 13
831 3244 2
1233 602 10
1406 1305 18
3653 4936 11
4006 2860 3
1835 2205 2
516 322 13
2261 3840 18
4220 25 33
1493 414 41
4304 907 3
5359 1173 10
4304 3017 41
714 1927 46
2072 2941 11
1394 1803 30
2597 293 18
3516 490 6
3926 5087 3
4396 3433 11
5611 3110 51
5723 6001 2
3660 277 46
4077 5405 131
2451 609 10
988 989 2
484 609 10
347 3412 2
576 3662 24
4891 106 28
1373 4187 45
1042 2198 3
5120 106 28
938 3531 24
4156 293 53
5163 5152 2
616 821 10
3075 1299 81
1962 2313 2
5164 351 3
1302 820 32
539 5070 24
5544 6417 2
441 1193 99
2834 4621 2
573 3931 10
4667 4637 2
1011 405 24
2700 5159 12
4545 4922 10
1371 694 10
1701 1496 18
2428 2888 24
2406 878 80
4551 574 10
3348 3821 81
2457 2458 2
4365 63 24
714 283 10
1472 4176 82
1707 1282 74
938 3195 3
3449 34 41
2807 1776 41
173 48 16
5163 1336 3
3918 275 28
4477 414 15
5821 25 33
3427 646 53
2961 602 10
1488 1413 32
2311 484 30
3251 772 70
266 5252 11
190 1714 22
5936 5522 3
3443 4277 2
4789 3773 2
1000 488 32
3408 1833 2
4577 909 2
943 4245 11
3480 6198 41
353 4735 2
2961 966 10
578 184 32
190 2821 24
3301 3508 2
3859 2582 3
886 4389 18
5019 5294 3
1355 3478 18
5380 106 28
3382 2816 2
4329 309 52
1860 758 82
1305 673 10
976 1136 2
4707 25 33
126 106 28
3074 2460 94
188 2684 11
5194 2121 2
652 230 18
8 2441 70
2864 5017 22
5442 309 52
4181 155 10
2945 1356 70
6196 4980 18
6226 1423 2
378 2964 32
646 1798 24
5372 4245 45
2153 2065 2
4846 309 52
517 2428 27
1962 4212 24
1457 4959 3
778 65 2
1498 395 3
3334 3879 3
522 485 2
3959 3960 15
1701 227 18
1479 891 3
1899 3163 2
522 959 22
4149 2633 41
3705 3466 2
2843 3096 81
2773 5830 24
542 3057 2
2502 425 3
1593 5526 121
569 984 61
153 1292 11
4657 4675 3
2050 3301 2
104 2112 27
783 1504 32
4917 349 24
1822 2451 2
24 3744 2
614 1432 43
5746 1188 10
522 3525 22
525 3427 3
4407 602 10
1806 2845 30
2765 3478 13
2901 966 10
1750 1103 30
528 764 24
3735 2631 88
65 4812 3
104 178 27
1162 4083 81
2286 5161 12
2688 3500 3
301 5148 3
4304 345 2
4012 2225 2
5544 1437 24
4417 2663 41
4869 2808 70
4117 380 25
3935 4570 2
5464 4310 3
754 3287 2
3791 1144 70
4882 25 33
1842 555 11
741 742 15
1756 6109 10
2528 3354 2
3639 6681 46
1288 1567 53
5545 106 28
1090 1484 43
4842 25 33
387 771 30
487 6641 41
6075 6251 45
4879 293 2
1706 1683 2
459 5044 6
6298 2342 11
3956 1640 10
3706 4752 2
4264 5569 3
1634 3593 85
3629 4998 3
3300 4592 24
5631 275 28
3410 5995 24
4311 1126 18
5515 1120 15
2515 95 32
443 6225 22
1742 4700 11
3882 580 2
1755 4809 11
338 1335 27
331 4982 32
5064 4159 73
3839 1693 45
5253 6273 13
1155 893 70
1558 4410 24
2265 4545 6
525 474 2
796 1497 32
578 3669 32
929 4131 6
399 4796 56
4489 1776 15
4302 1104 91
5648 4306 2
2112 602 10
1543 1914 43
4985 2446 46
2535 2065 2
4623 3096 51
3200 211 24
6205 161 84
3876 2560 18
4338 2311 94
1734 574 10
260 285 2
347 1132 52
1634 2518 2
5106 3336 12
672 25 33
2592 574 10
1299 451 2
399 3480 27
507 4182 24
1171 5331 51
190 2650 22
3227 602 10
1383 934 32
5846 522 53
2780 574 10
146 392 11
2688 3012 74
5559 106 28
5151 2044 2
525 3287 2
943 4789 11
374 5357 11
3334 5222 72
1962 3393 2
2415 649 3
2946 4617 3
6132 2387 32
1651 155 10
2845 4768 12
1664 4831 18
5109 2347 32
1627 48 16
1302 6251 32
2689 2249 2
4547 85 18
1492 4678 0
3041 602 10
1785 4269 80
1714 1567 53
1375 3385 18
3567 3650 18
1116 4177 32
807 4834 18
153 2025 27
2384 836 0
999 1480 2
1994 48 16
168 1322 40
652 3758 18
1001 1458 2
2963 1517 61
2384 837 6
206 4737 6
5078 4602 24
2961 48 16
175 3650 73
394 656 32
1498 5703 72
4033 1042 0
4146 468 2
3012 1361 2
4744 2663 41
520 5714 32
1376 2099 2
3699 765 2
1860 2496 26
876 4085 3
443 2617 22
3481 2732 46
3392 3344 6
4534 25 33
6167 1861 0
1045 1256 63
5929 4693 13
3094 1727 51
190 5851 24
6273 4597 12
1394 211 3
3690 1798 24
3179 235 43
1965 106 28
3389 1130 18
614 1172 43
138 1854 24
522 3149 24
5221 5350 100
2535 4143 3
4479 311 45
3898 6051 81
6683 414 15
3170 4990 2
4380 1328 6
3254 3226 41
4425 4323 49
3099 1120 15
5323 1009 53
1415 105 26
2662 2663 41
4833 5870 18
190 3044 24
6201 673 10
179 306 2
5696 3943 2
2550 454 93
5431 1655 2
1822 25 33
2026 1415 11
3056 273 33
6384 1173 10
5612 2766 2
2149 283 10
1394 5286 3
1568 5499 24
2865 1169 44
4540 3966 10
5759 283 10
2143 1200 49
5281 275 28
876 875 2
6533 3749 32
5891 291 46
578 1416 32
2314 1019 41
2999 609 10
723 1178 2
4100 2488 3
3331 1574 0
4473 914 15
1484 4503 3
1031 3451 3
1505 3217 3
3559 5196 2
1732 174 10
2649 1536 46
3171 5103 43
378 2247 32
1238 662 45
4821 155 10
293 907 22
4944 680 15
4531 2693 6
4142 6527 10
349 4079 6
374 2428 11
1654 1640 10
1235 602 10
2154 5600 22
1903 3145 3
714 931 30
2864 2865 22
45 1361 73
165 2524 32
5267 1477 11
1155 124 6
6123 2502 74
396 309 52
23 621 3
78 1112 53
5894 48 16
1307 3071 45
1292 1996 58
274 2304 30
3851 4678 0
2816 2297 24
6406 3917 11
1980 1886 46
4202 935 53
3099 2589 3
999 3905 2
2599 2913 2
539 574 10
5949 6610 15
2483 3030 2
5214 4323 49
2295 190 53
6098 2472 18
5591 3804 24
4335 5853 24
340 2214 32
3011 2757 18
1595 2878 6
5949 6610 41
3508 3568 3
1394 6443 3
5422 3014 51
580 414 15
1484 576 30
706 2477 32
3699 4026 2
3467 1132 52
2827 3266 2
1800 2428 27
1384 1528 3
1413 1548 2
522 1698 24
5640 1982 93
5427 4351 41
522 5816 22
1890 1130 2
2700 6329 15
3889 3101 110
6282 4323 49
6205 4772 1
3844 1923 18
3275 5759 66
1134 646 53
1407 2766 0
2656 4929 61
1908 4312 3
325 4737 32
5040 609 10
6316 2794 24
3559 3569 2
4407 841 41
4029 4256 61
5044 4949 10
5523 929 3
3325 4624 24
5364 4936 45
4029 566 3
3895 574 10
4052 48 16
3232 106 28
3280 4433 2
1742 2113 11
1837 5357 45
1394 3869 30
5459 3028 24
5802 609 10
3484 80 2
2418 111 3
6707 1764 11
2135 5039 108
6050 4606 70
4707 1247 3
3405 1657 49
5771 106 28
3206 25 33
5332 2460 70
6160 5678 110
2478 359 80
3248 85 6
65 2395 2
2929 4182 24
5039 1364 10
4417 2791 61
1470 5601 85
4426 1224 115
1837 5461 45
374 2941 11
3227 1549 3
714 106 28
5313 1657 49
653 654 2
1108 3143 2
5130 459 3
1543 2805 43
443 4331 22
5252 366 10
5477 315 53
2995 3946 18
1923 1889 126
4062 1444 10
5759 4736 61
2263 3563 18
138 283 10
1870 4219 11
866 5495 43
149 2862 51
6477 214 90
4752 2045 2
3118 2460 13
1100 3917 32
1983 1849 3
2077 414 41
4154 270 34
1756 48 16
2921 152 80
712 73 38
3873 23 88
2631 5016 126
1556 2125 3
1116 4196 32
3313 1127 24
3659 372 18
257 685 6
2808 4323 49
233 1206 2
23 25 33
2077 414 15
3314 4159 11
5545 1554 24
1572 5166 24
3815 3963 3
4774 641 30
4691 207 24
3677 2532 3
6251 5497 2
5876 808 49
6249 309 52
666 3942 32
2107 3428 32
1988 2504 2
152 3956 27
4233 1941 93
3231 48 16
1221 525 32
6220 25 33
528 1564 2
1299 1963 85
6670 2984 11
3232 3215 2
1570 2297 3
3600 1553 3
4957 2705 32
5760 602 10
3301 4701 3
217 5470 2
2076 5193 115
23 397 2
3758 414 41
5911 5696 2
1000 3056 32
6328 4880 111
374 5231 11
3708 350 67
4698 4425 81
5647 638 30
5295 1674 18
5599 781 33
315 4734 22
2538 1847 6
2975 323 24
5616 3881 24
5752 5711 50
4829 1254 91
4606 966 10
3301 602 10
1861 685 2
3308 2757 51
3733 1893 27
1130 1726 3
2938 511 3
757 694 10
4515 2587 94
3097 113 41
1254 2586 90
2248 80 81
5854 2128 45
1257 380 25
4467 227 2
443 4738 22
2780 3715 24
1885 1416 32
943 4153 11
5581 155 10
1902 4923 45
383 452 32
267 309 52
656 161 41
6302 106 28
238 1235 32
372 1834 24
2140 741 2
766 414 41
2798 4071 2
4182 3029 0
4743 2400 3
4057 2473 2
603 743 32
582 1049 80
3432 987 26
1693 602 10
722 3557 3
3786 48 16
5580 810 13
80 1962 2
1910 3045 11
4782 1003 2
176 2709 30
2079 3723 18
684 4223 27
4707 5959 3
4918 4728 53
3786 104 26
104 992 27
3801 2513 2
5499 1568 53
6299 1964 2
3005 5481 3
2808 5951 15
4296 2635 11
796 280 32
2445 6044 11
6093 1144 6
4894 5359 18
2640 221 26
1724 553 10
1528 646 53
4543 875 6
1412 582 45
1145 2457 46
80 106 28
4238 709 3
6727 6809 116
1497 4457 2
4266 5777 24
3062 4187 2
982 443 53
6302 1310 3
1833 260 2
6808 6418 32
646 298 22
1260 646 53
4908 1935 6
1176 522 53
618 2209 93
787 69 81
2160 1592 107
348 4505 2
5903 2860 24
1543 2483 43
1077 414 15
2995 5193 18
478 65 32
4217 309 52
3170 602 10
2537 2799 3
1452 825 66
5312 3473 63
2864 3962 45
420 284 18
5130 5870 110
1235 4259 24
2191 309 52
2455 1194 11
4073 48 16
2065 2932 46
5997 4079 117
305 106 28
775 691 6
6482 5076 33
3417 809 32
2000 5495 74
6520 948 32
1590 380 41
3494 4964 2
4296 2113 11
1833 283 10
977 4058 0
10 3293 3
2209 3895 6
4318 5325 2
378 4997 32
3758 3016 3
6037 2314 0
2834 3807 3
2505 3038 121
1148 4657 2
2963 5754 61
1384 3216 30
2720 3463 2
2040 93 45
1876 25 33
4398 309 52
5341 4302 51
5696 574 10
3012 2688 30
4897 179 32
1646 10 2
180 6240 59
2908 673 10
58 73 38
5789 951 2
3861 3754 24
4482 518 68
1470 4250 2
1400 198 2
866 5760 43
3405 309 52
2863 4948 3
1103 350 67
2019 5916 32
3280 35 49
4592 1697 6
3064 912 45
4059 602 10
2823 2547 81
522 5217 22
1574 560 3
614 4181 43
3393 1344 2
3888 2162 18
2083 1200 49
718 4326 46
3217 3706 6
6032 2011 81
3655 712 11
3497 106 28
5775 106 28
474 4182 93
2327 221 26
3529 2441 18
6340 609 10
1449 468 2
1643 275 28
1632 3283 46
5333 1796 15
3394 1821 18
4627 4276 2
1179 4248 2
2689 1203 24
817 2870 12
1039 72 24
412 1278 13
2623 4287 2
1483 2121 32
3200 2509 24
3606 258 2
2922 1533 41
3629 5938 2
329 1029 11
3917 3773 2
722 106 28
315 4115 22
1479 3859 30
818 2216 2
3257 3981 3
539 243 2
909 3 2
832 25 33
5894 870 3
2423 1580 30
5450 5958 15
3521 1009 53
6042 448 46
2805 73 38
260 1834 3
315 49 22
5559 3879 24
618 1759 24
2285 5793 41
5570 1364 10
3463 398 24
488 1161 2
2963 25 33
4100 1811 2
3393 1094 24
1457 1531 2
4879 279 2
1543 1359 43
1738 56 3
3511 2110 45
717 1756 27
124 1155 24
1563 2511 24
3755 4371 6
4296 2271 11
443 611 22
91 311 27
2528 414 41
4232 5491 53
1536 25 33
1324 243 2
2780 3715 3
4382 4346 41
642 309 52
2861 553 10
374 1611 11
3057 3123 24
2500 48 16
5990 1883 15
778 5963 15
2684 1709 2
5280 3301 0
1254 2364 90
2191 106 28
1029 794 2
1403 3012 6
2446 1292 2
2271 2405 24
1099 4314 2
58 3409 24
1114 6109 10
2639 153 26
2065 3758 2
873 522 53
4274 609 10
693 2829 41
5094 4879 51
397 23 2
3858 6765 15
213 1297 0
3998 348 6
2457 1200 49
5998 2519 18
771 602 10
5000 25 33
386 2977 10
5936 3184 2
3765 5309 6
2384 483 6
3268 5184 125
5094 5446 70
6201 4182 85
1743 1759 93
2263 1821 18
5350 4728 2
943 3272 11
5254 574 10
641 4571 2
1061 4851 32
1429 1782 32
2892 1005 6
5848 4534 2
5187 2383 3
4506 1389 10
315 2354 22
3965 48 16
4707 106 28
382 5745 6
109 108 30
1737 1134 24
5696 3517 2
2140 18 2
4182 5221 0
2286 5587 61
2024 5848 45
5454 3917 11
886 1356 18
2284 1876 2
3406 850 2
3706 155 10
190 4902 22
646 1068 22
1567 2878 2
2911 382 24
1458 1799 24
1543 2160 43
1916 5256 15
1049 1204 27
5507 751 3
3523 673 10
2512 2596 32
4501 1916 70
2240 309 52
1746 275 28
3321 309 52
4639 190 53
1707 1127 3
1782 602 10
4788 25 33
1590 5394 41
285 1357 24
5662 113 25
2282 1509 32
5648 1132 52
359 4809 56
5982 1037 36
2580 3794 32
3891 393 46
3869 4430 30
2614 25 33
179 4499 3
576 913 30
807 3050 18
771 151 80
1504 4685 24
190 1455 22
3412 2289 41
2421 1883 15
1572 5508 90
4277 5741 46
3807 573 66
5252 1855 26
857 700 0
784 2286 32
1986 799 32
684 1292 27
1784 5768 2
4946 988 18
2133 4654 2
315 5094 22
5503 2214 30
857 699 0
3467 155 10
124 484 2
2631 3469 30
6044 602 10
5436 4398 6
1156 5395 95
2131 2225 6
1400 3229 33
5206 4993 0
1674 3525 99
1563 2624 2
5986 309 52
1003 106 28
3125 4577 2
1902 4809 45
922 2227 6
1518 764 93
153 267 27
1763 138 81
3012 4807 3
1828 3568 3
4923 882 26
136 4153 11
5811 602 10
4174 3755 24
104 2478 27
4336 3852 15
261 1844 11
5839 3724 13
1206 1776 41
213 4366 0
2707 5446 34
778 2153 2
2140 966 10
1331 630 61
576 283 10
394 1590 32
3495 574 10
2153 2756 24
722 309 52
3724 414 15
2984 602 10
5827 809 2
2939 174 10
4800 4799 24
2995 474 18
2575 1617 94
3503 106 28
2215 574 10
684 2972 56
1536 2672 24
4835 4425 81
1556 5077 3
232 989 2
379 2716 2
4547 3467 18
3393 958 2
2750 4382 2
4848 2659 2
3163 2325 2
2149 2148 3
2478 1640 10
2432 1305 2
3600 4422 24
243 1178 2
2974 1822 2
4219 47 10
943 1320 11
766 805 10
1974 1444 10
5664 25 33
3235 309 52
2057 3221 3
315 3997 22
2458 444 33
5799 2901 11
204 3280 32
6680 52 11
2351 73 38
2311 4320 3
104 555 27
784 301 32
59 772 70
562 174 10
5130 309 52
6471 4159 11
2949 309 52
6384 5742 93
4397 1924 2
6144 2801 32
2778 1967 2
43 1037 30
4452 602 10
92 912 27
3502 3931 10
5153 1132 52
3755 228 6
6370 1956 114
3439 602 10
331 4667 32
5841 795 51
2107 3345 32
2707 6074 34
693 2496 26
570 3471 59
1362 6559 32
472 5531 2
3567 1974 18
6453 1009 53
858 3855 2
4837 2739 3
2845 1296 3
5446 2116 26
1423 104 26
301 283 10
432 309 52
2375 1263 24
3144 5971 2
3585 1299 6
190 3371 22
1148 1449 2
1554 1768 0
4171 3508 13
807 1832 18
1284 914 25
5457 1145 18
2501 486 53
3126 1435 51
5357 121 59
394 5811 32
2142 2143 2
6289 1235 18
4849 5138 104
1218 1261 13
5756 48 16
2707 668 34
1617 1458 30
361 3990 2
3467 4150 12
4366 25 33
2984 48 16
1470 3909 3
784 1504 32
4750 2145 2
3410 2863 2
5823 4987 44
120 1356 70
2318 3227 2
1821 3860 2
242 4248 18
2318 1132 52
1480 550 3
3371 4029 44
2985 553 10
4077 115 131
2511 2600 6
6418 3148 2
2313 1200 49
56 1636 6
4640 483 18
943 4349 11
4528 1654 13
1543 5936 43
2853 5035 24
1037 106 28
1400 2659 2
3474 1603 83
4678 1869 24
931 3161 3
2485 1120 41
3482 3975 3
5342 4719 15
2446 4985 46
1536 3605 3
1653 106 28
153 4809 56
3943 1750 12
2227 1777 2
2656 3442 2
3722 6474 32
65 3537 10
5507 1728 2
5838 4186 61
24 1222 15
903 309 52
1942 1977 32
357 3308 4
2306 6731 15
3529 4678 18
2214 2179 110
6342 585 45
4022 2252 2
4414 2420 44
2874 3133 25
322 25 33
1495 4940 66
3461 4127 3
522 73 79
4644 5001 3
2249 723 2
5231 161 41
1244 582 27
2021 2020 2
2410 5145 3
958 4457 2
1962 80 2
4117 1776 41
738 3416 24
2057 5499 24
4393 2753 44
2365 609 10
654 5136 30
4091 6062 15
935 2931 2
1639 5179 74
522 31 22
4000 574 10
1371 6057 3
280 3879 3
3918 6140 10
5040 283 10
6384 574 10
2811 3107 32
1126 4603 24
6040 1188 10
5702 4559 45
818 602 10
2379 5166 3
3260 3057 2
4851 4200 3
3143 1706 2
2703 1008 24
6580 3908 13
2454 5957 24
1332 714 32
421 2458 2
2483 386 2
2999 696 3
374 996 11
4175 3219 18
4187 3490 2
5946 5947 111
1801 2229 44
2455 3272 11
5495 3791 3
646 1869 24
5923 1735 2
4519 4001 2
2601 613 3
3487 2020 45
1587 5183 32
1557 2780 32
3154 4182 93
864 5044 32
1495 607 51
651 4173 32
70 1132 52
2254 5740 18
483 836 2
176 1493 2
2761 5338 6
6299 5090 2
779 3912 32
3345 609 10
4822 6642 25
356 293 53
5463 1173 10
4907 309 52
2224 4012 53
5575 307 10
4975 1624 2
5876 2332 24
699 2318 2
4479 1709 45
2399 3891 32
4790 5195 24
4152 5179 46
3681 275 28
337 2838 27
2291 155 10
2861 106 28
2985 673 10
4850 3714 18
180 685 2
5151 981 3
2153 3410 2
670 5010 30
594 10 30
5039 25 41
4053 280 81
104 2271 27
4620 6448 2
5214 574 10
4207 4131 125
522 101 22
2941 98 10
803 602 10
5857 25 33
596 2615 2
6044 1049 80
235 1149 3
5236 3112 2
786 1376 53
1624 4975 2
2599 1563 2
3184 2123 30
5063 3333 3
190 5624 22
5788 2776 70
829 2291 115
5184 584 33
2542 25 33
2776 1714 24
2303 4266 6
2219 1020 3
2040 1586 45
1112 5708 22
895 4427 29
1296 4606 70
2900 2067 85
3114 2360 44
1418 1699 27
654 653 2
394 562 32
1935 2592 2
1866 1498 73
672 1956 114
2263 3860 18
1225 1504 32
5130 4337 3
4 5844 2
2571 4638 13
2962 3201 24
3553 3443 6
1868 483 18
4837 2715 24
1394 164 24
6060 106 28
817 48 16
4462 5847 46
6840 5497 11
2406 48 16
5745 602 10
293 2096 22
5034 2094 18
2732 4116 30
1127 4386 6
487 1161 2
6839 915 11
1477 98 10
1291 2892 3
1504 435 30
1269 1270 51
825 350 67
1325 765 2
3173 293 53
164 190 53
3988 5801 41
1911 1444 10
3991 106 28
4743 4260 3
6443 2547 81
5961 1435 66
3210 4788 0
656 4466 3
4032 1962 18
6201 609 10
4584 2611 0
1942 2225 32
1187 1916 70
2616 3889 6
1832 106 28
1432 4869 24
3918 153 26
4379 1132 52
4369 2112 12
1634 5173 2
6508 1764 34
1644 1756 11
2845 444 41
1875 3440 18
1940 3404 32
999 1179 2
3794 528 2
1079 1094 24
4540 878 101
2473 6114 3
3354 283 10
443 4313 22
3499 161 84
2637 4266 70
4174 3755 93
6612 673 10
3428 2807 72
1415 174 10
3393 504 3
3917 2513 2
778 3066 2
4654 98 10
5590 1470 32
3908 1173 10
908 3 2
1244 1965 27
2780 106 28
3917 414 92
2458 4698 24
1328 574 10
51 1510 18
1510 2639 2
1166 2475 11
1650 25 33
684 3140 56
6107 256 49
3964 97 45
2171 309 52
4923 309 52
2929 4182 93
2008 3054 51
4410 1558 6
5320 104 26
5423 3202 0
3561 3344 6
1108 273 33
750 2302 66
2067 3170 6
69 414 41
2846 771 46
1644 1951 11
4551 25 33
1127 4258 6
417 1290 43
5523 5259 3
3334 3512 24
4035 309 52
1337 5209 45
1161 121 59
4570 854 110
948 1480 2
5373 4700 2
4211 4083 81
5120 1883 41
3050 4341 24
3215 106 28
293 3346 22
4229 230 73
6707 3648 11
3417 6051 32
3460 1717 18
1166 1816 11
638 98 10
582 48 16
1558 1132 52
1447 275 28
5193 1200 49
3837 1556 2
2866 966 10
849 1908 43
2072 4153 11
809 4520 24
1824 2863 32
398 1235 0
796 1480 32
2444 585 11
525 73 38
104 2972 56
5078 821 10
1729 6111 114
205 5588 24
3787 731 13
3505 1359 18
2518 5821 2
2214 5068 24
3325 6032 24
4079 3969 90
5771 260 2
738 4304 2
1305 2974 2
722 736 41
138 3286 41
1512 1675 3
646 2988 22
3704 309 52
585 414 92
1837 3018 45
4277 5305 110
1558 574 10
3815 1497 30
1449 4877 2
1456 4247 3
1479 1446 3
3906 3534 3
3392 2229 44
3449 246 15
6786 1844 11
707 2547 81
3569 5844 2
2215 1173 10
3669 4846 2
6076 1475 6
109 73 38
2511 3699 6
529 1744 2
1302 4760 32
394 576 32
4250 2481 2
192 573 32
5745 106 28
315 2435 24
2800 309 52
356 1737 51
2529 5112 85
250 3767 32
57 522 6
81 2938 2
1479 550 3
3856 3057 2
2640 48 16
2404 977 24
999 2240 2
639 4142 77
5235 4286 13
2963 5534 24
1003 569 2
2153 539 2
608 48 16
3959 602 10
2611 2876 2
1235 3777 24
1253 3591 24
2573 221 26
868 5868 18
2615 4738 3
2741 4055 10
3448 4018 2
858 3856 2
2845 5787 72
3207 1727 51
1000 5196 32
2524 98 10
5267 5342 11
578 1683 32
443 1313 22
2047 1916 70
5377 3424 6
658 659 45
6454 155 10
1322 2724 124
2099 4705 1
920 106 28
354 3025 2
1208 106 28
1965 1996 58
2044 1165 3
2228 2229 44
2707 2762 34
3509 132 2
1242 723 2
4345 2901 2
1288 2614 6
871 1789 6
2030 2375 32
875 1132 52
3622 4760 34
471 2227 100
23 2345 2
914 5787 73
2154 4504 22
2177 2575 73
2732 1782 30
614 5500 43
4222 1593 45
1360 4417 18
2201 486 53
3066 5377 24
3959 1965 2
2776 309 52
1720 275 28
4079 323 90
5461 275 28
4811 5910 11
2758 3065 24
1772 638 30
4948 921 81
3012 1361 30
666 4560 32
4174 2511 24
1031 694 10
5741 4277 74
356 4196 6
3342 25 33
4389 48 16
1483 3045 32
931 3218 3
648 3096 32
4821 5524 15
3861 3758 2
2805 709 3
164 1394 6
2227 1523 61
5465 4274 18
4083 25 33
266 2623 11
1914 1444 10
660 1174 24
3608 1963 24
2661 309 52
3283 309 52
1783 73 38
943 712 11
718 543 110
1493 25 33
4182 1043 1
528 1744 2
4119 3412 2
3882 174 10
809 4737 2
5328 2066 2
3032 2110 30
4182 1172 0
1190 2121 27
1267 2954 2
5571 5405 2
5008 1145 32
2750 914 41
5179 1848 74
5413 414 15
1568 3819 24
3677 2623 2
4437 1917 46
2780 309 52
3859 4864 15
897 4223 27
3982 2304 13
5442 3931 10
2536 1190 80
5390 4705 3
3460 5591 18
3172 2757 94
1097 1449 2
2863 568 3
1575 4447 3
2083 3591 24
5646 359 80
5475 4515 13
3 5982 30
3704 2083 2
6183 3440 0
3508 121 59
4318 1132 52
4029 3568 61
5523 175 41
4803 574 10
4809 48 16
2812 638 45
646 4653 117
2762 5404 2
3071 602 10
1924 1023 3
1899 2892 24
2350 106 28
1980 602 10
2345 698 15
1962 1399 2
4007 2941 13
2908 4545 2
3075 3708 51
1054 5416 90
528 3794 2
463 574 10
432 3263 3
4266 602 10
1254 5863 90
4260 1235 6
4681 646 53
473 3870 24
1581 1320 32
5678 414 15
1709 860 26
1190 2572 27
6037 4467 6
2354 3054 51
315 2565 22
3889 2216 2
1589 277 2
1737 350 67
5209 586 92
2751 3592 2
3681 5627 85
4205 5923 2
6427 609 10
4260 2780 6
58 3250 3
764 765 6
837 2384 24
374 4430 11
1054 6567 90
5280 4519 0
4079 1554 24
91 1204 27
2327 855 26
4551 602 10
4516 884 22
4297 2712 18
1563 1325 2
4530 1444 10
4532 574 10
2438 3889 2
822 5020 24
2906 979 73
394 5163 32
937 105 101
190 4249 22
1543 5750 43
4091 283 10
2447 2614 104
3934 6559 6
1919 2997 2
4475 912 11
1190 1945 56
2044 2962 2
1906 25 33
3482 5496 3
3592 3704 2
2446 1965 2
1531 3471 59
3910 2050 73
569 73 38
1910 670 11
478 490 32
2460 5932 2
3567 615 18
1272 2011 51
5759 3275 3
1962 602 10
4639 2328 66
3301 2577 3
2103 5220 108
596 48 16
3156 392 45
1307 2271 45
732 3801 32
1484 2587 94
1037 25 33
2968 4728 53
4219 4523 2
581 308 11
3057 3227 2
562 5825 24
26 3293 3
4716 602 10
866 5130 43
2659 1079 2
2024 2941 45
1355 6187 18
3406 3300 2
1810 825 81
3527 602 10
3650 1200 49
1116 1415 32
2466 1054 2
3021 1301 32
2312 471 66
4709 138 30
3827 95 11
1254 5516 2
1835 447 2
3406 347 2
1564 25 33
1400 1079 2
3292 1876 43
1129 162 24
1000 1409 32
959 1169 6
646 4014 22
1758 5829 2
4831 2189 3
4318 602 10
105 2972 56
5936 4184 3
2865 540 44
5658 5591 44
1299 1008 61
4532 609 10
800 1640 10
4983 2169 32
547 3067 32
3456 2264 18
1736 574 10
420 2911 18
2963 3091 12
2115 1595 24
2845 1536 36
4236 602 10
23 2418 2
3846 2658 74
6249 3589 10
2577 361 66
4990 3170 2
1000 180 32
5459 4553 2
4119 4 2
3625 106 28
5533 2853 11
3586 163 30
2312 4012 53
3508 3300 2
2962 3927 3
4078 574 10
1204 153 80
3101 121 59
4043 5987 15
3056 275 28
5193 414 15
2746 4181 0
4049 121 59
6307 1653 13
4695 672 12
684 1709 27
190 3521 22
2997 3805 2
6230 3586 11
3654 309 52
848 6201 2
1643 684 26
165 1074 32
4304 193 3
5455 794 43
1732 135 33
2121 1292 2
5136 2506 30
1435 2902 3
228 1518 2
1345 809 6
543 3381 2
4309 4534 18
4006 6064 2
2658 4189 41
539 309 52
857 2319 6
4946 2404 18
5911 609 10
3619 5059 81
2615 1052 41
1114 106 28
1183 3650 74
2286 4624 61
3758 2534 2
4276 3099 2
4812 2547 81
1590 155 10
4713 91 26
1257 1256 2
1221 4527 32
1148 1450 2
1746 3639 30
2976 3059 6
2954 48 16
1400 309 52
2205 2140 2
3076 570 13
4441 2482 51
1144 6109 10
3639 350 67
1691 2955 3
3835 1651 6
65 4704 3
614 5019 43
3936 452 89
1643 6226 110
5585 4632 11
3283 2249 30
4278 6029 2
5884 1091 45
385 5302 10
2845 2985 46
3185 609 10
1356 1510 2
1590 161 41
4276 1242 2
117 3012 74
576 602 10
614 4177 43
5789 871 24
3364 48 16
2974 977 24
3235 1165 3
5723 5045 24
1965 5194 2
2647 2214 32
5395 155 10
620 2712 2
1536 138 2
943 1091 11
6406 2025 11
4471 522 53
5223 3891 46
3872 3861 32
6163 816 41
315 551 22
5787 155 10
3806 4904 41
1737 2364 24
5788 646 53
3305 106 28
3724 4530 2
3828 2286 51
3620 4997 0
52 5826 91
3793 3637 36
5692 1235 110
3341 1660 11
6448 5456 3
3102 155 10
984 190 53
2451 3535 3
1743 1744 2
1039 1645 30
2801 73 38
3174 2065 0
5000 4570 30
653 4163 2
2656 3086 3
104 2106 56
4829 1054 91
1477 1640 10
4838 6457 15
4530 309 52
190 3753 22
796 2214 32
1777 1022 2
953 1299 32
2662 958 2
1001 414 41
1543 5350 43
4202 279 81
3359 785 32
4330 2402 18
1299 4323 49
3669 673 10
3760 5047 24
3523 2216 2
2961 3122 30
5764 1876 34
4308 4534 32
2850 155 10
1547 602 10
684 2907 27
2134 3066 32
3497 25 33
5648 574 10
5876 25 33
266 4052 11
4204 4520 3
3121 4062 34
5491 1376 2
1508 965 27
2720 1132 52
1037 907 24
260 106 28
1811 275 28
3050 153 26
4981 1099 18
1302 3919 32
952 1737 51
2348 574 10
2446 694 10
2125 1567 53
2930 2073 34
5351 93 11
1373 4389 45
5178 25 33
989 1190 80
1548 914 41
2766 914 15
739 5151 32
575 2186 3
5320 153 26
2808 106 28
2148 2149 89
4932 2319 2
399 1074 27
1836 1733 26
5636 539 13
4765 3845 82
109 4566 3
3393 414 15
684 4355 27
5381 2980 15
1103 609 10
3538 3646 11
2957 309 52
104 3956 27
1551 1962 32
329 1593 11
1089 602 10
4300 106 28
5406 4302 51
4829 5302 10
5772 5379 13
4071 6723 41
1497 4845 30
2286 609 10
2883 273 33
3067 4236 2
2348 2347 2
2895 3503 6
3510 205 74
2859 25 33
2754 3 30
95 2774 26
1700 3334 66
979 526 24
641 2247 2
2963 2032 24
639 2901 77
4997 609 10
2342 121 59
2757 1643 46
4817 1736 2
315 724 24
5680 155 10
2101 1571 15
153 1204 27
2653 3959 2
5339 2714 32
5792 574 10
1644 95 11
125 5381 13
58 6476 41
30 5751 32
2867 2536 2
3460 488 18
2067 2827 6
723 3099 2
5753 1371 32
3344 321 3
1665 5670 24
1054 5675 90
4042 2322 13
2214 1184 24
2205 741 2
475 1407 85
2863 241 24
5143 1549 24
652 81 18
796 1707 32
1394 1783 46
999 1178 2
3593 5821 6
2036 2357 41
131 2716 2
1568 3002 22
1543 4782 43
2537 3772 24
1530 992 11
2682 1969 116
2892 3163 6
1543 4754 43
1432 2200 3
6814 1003 11
2214 3447 3
783 795 32
56 4425 6
722 723 2
3289 106 28
2149 155 10
5829 574 10
293 3326 22
2083 275 28
614 3185 43
3639 3005 30
2597 3536 18
897 1709 27
1782 2772 3
1910 641 11
4541 2653 18
60 576 73
5558 4920 95
205 2602 41
2837 5760 2
4944 3348 24
2232 3683 3
653 798 2
487 6641 15
1543 2171 43
3258 3650 88
4390 414 15
3382 2454 2
3300 2604 2
3402 914 41
4029 155 10
6683 914 25
1590 25 33
2099 990 90
5248 5995 24
3283 3447 3
2050 1684 2
452 6223 110
4528 3541 13
1233 3711 3
2515 2941 32
2160 3650 72
2350 657 3
5860 5309 6
1611 25 33
104 3018 27
1321 966 10
5281 3693 24
3391 3329 24
977 5208 6
242 4678 18
5962 1904 41
1458 665 41
3479 4071 13
315 4747 22
3429 6518 22
638 3380 12
646 1672 22
2021 809 2
786 607 51
2690 2454 13
3292 5395 43
4439 887 24
1828 1108 2
909 602 10
3765 4534 6
4430 373 3
757 104 80
646 6148 22
4513 1570 32
2534 1344 46
522 3297 22
3463 892 3
6289 2240 18
3083 1993 10
4842 1444 10
2307 3639 73
3567 2573 18
5702 4153 45
3882 3924 2
2494 2311 32
3080 2500 32
2834 2733 3
4912 25 33
3285 1149 24
3151 4015 51
3449 1919 2
6548 4559 11
4785 350 67
646 1189 22
1958 5103 81
356 3503 44
3148 25 87
2616 931 6
153 1643 27
4417 3237 98
6751 809 51
876 1577 2
394 5730 32
1831 275 28
4489 836 2
4613 5287 18
6530 3966 10
2395 3905 2
3973 820 18
4201 602 10
3706 958 2
1161 414 41
4952 301 13
3268 86 6
3338 1169 18
6160 966 10
2801 1445 24
4841 3824 11
345 934 2
3321 153 26
5198 5746 115
5677 3440 77
3665 1472 11
639 996 77
5876 4996 24
1596 1957 3
3266 2827 2
87 1173 10
819 2094 11
2050 2608 24
969 4417 88
1570 3200 2
4345 6403 24
642 1263 24
2816 19 24
976 155 10
1497 2049 2
4159 1444 10
1302 3070 32
2655 668 6
4951 25 33
2678 85 125
198 4848 2
1337 2485 45
3345 914 41
2325 25 33
757 878 101
2099 3747 24
1517 2963 66
5575 5073 2
4355 25 33
831 2722 2
1001 2502 2
1299 6183 24
4083 2405 24
3429 1881 22
2662 3706 2
3723 2021 110
3591 5269 6
681 1324 34
1727 260 2
4621 1246 3
2913 2976 24
607 3073 24
638 1772 12
4439 6462 82
1357 260 6
4788 309 52
2220 3364 11
1355 1424 18
1964 6183 85
5238 522 53
4364 5932 2
4043 1635 2
2006 1077 66
1233 887 3
1130 5751 2
522 4027 22
563 2845 94
3629 3630 3
267 2536 2
293 5595 24
417 3096 43
3260 2319 2
65 3195 3
2257 2547 81
6622 1074 13
4311 2482 18
2769 2808 32
4397 2313 2
4080 372 70
4088 155 10
1919 4672 2
3018 914 41
1233 6161 3
1972 3133 41
5181 6329 113
280 1381 15
646 2526 22
4018 5220 2
2515 4700 32
809 602 10
1284 246 15
3041 25 33
2254 1903 18
3171 2409 43
850 1582 3
2110 1639 46
3508 73 38
6605 3648 11
6327 584 33
2447 809 51
4989 4197 110
2855 825 2
2224 2225 81
4079 2269 90
4932 3056 2
5751 5426 49
842 1292 58
3230 1448 13
3965 175 92
5269 350 67
2499 1911 11
1094 80 6
3517 574 10
1977 2508 2
1738 3038 121
822 24 2
3634 1611 11
4389 2653 2
280 2902 24
2025 602 10
2583 2757 46
5870 4189 41
2053 890 2
931 4580 3
597 291 46
3509 3343 3
4052 6109 10
1624 1477 110
1942 5431 32
1577 161 41
3586 4680 10
3749 990 93
1950 4606 18
51 3433 18
2455 5268 11
784 4937 32
1448 3886 3
317 1322 42
1358 1707 51
270 602 10
2528 3593 24
205 106 28
492 3652 53
1103 4250 2
2304 914 41
238 1398 32
3601 106 28
5187 3889 100
3556 1321 45
1413 106 28
3641 4691 45
279 155 10
3796 6316 51
1232 1233 18
315 183 31
4553 5269 2
639 4809 77
5599 609 10
2959 443 53
890 1776 15
5331 456 61
315 1535 22
6117 1699 45
4730 1784 2
684 3965 56
5603 1687 11
3759 609 10
2384 4185 0
2605 25 33
2455 1724 11
6518 1283 6
3438 6295 15
173 307 10
1361 1416 30
2295 2402 66
2949 6632 127
1303 1646 2
3043 5466 32
1684 347 30
1304 1305 13
3329 1916 70
2758 5169 3
6205 3739 24
17 1732 6
3097 1085 3
412 2077 13
1570 2422 3
4987 599 33
1196 1384 46
681 1764 34
3675 309 52
2901 221 26
1837 2054 45
190 2465 22
2662 4359 24
562 5565 24
4530 878 80
3699 574 10
2585 25 92
2453 2113 32
6064 4328 2
1026 2317 26
5187 1956 114
1148 469 2
2892 2505 6
6225 5662 6
124 1189 24
652 4163 18
6183 3608 115
2348 3240 2
1604 5220 32
3429 3533 22
2235 970 43
1618 3254 81
1629 5725 24
837 1177 2
3200 25 33
684 1847 27
322 2544 111
5533 4355 11
1512 3220 61
211 3200 6
2643 968 6
5022 89 33
2688 594 36
4057 653 2
115 4762 10
2040 291 45
4326 718 46
4029 5375 24
1362 3473 32
4237 2538 24
2758 4646 3
2722 1444 10
3918 1580 72
3124 914 41
3988 161 41
562 966 10
3067 1852 41
3029 73 38
943 1292 11
824 4579 6
6289 1556 18
2901 2501 3
2899 2227 18
5404 79 25
2311 309 52
293 2200 22
5334 155 10
1235 5692 110
1224 3296 24
1717 4794 90
953 4689 32
4929 5431 51
2115 2877 85
2235 4264 43
1252 5130 32
4557 1568 2
4433 2218 24
2894 121 59
233 482 2
2982 25 33
1768 2965 2
1067 1060 3
938 1776 15
3345 576 36
4792 4012 53
5487 646 53
5120 3931 10
3086 372 70
4365 309 52
3059 25 33
4193 4078 66
2938 3758 2
2974 1173 10
2536 832 2
2487 190 53
5745 281 24
81 3754 3
1112 3598 22
5137 3644 12
1324 4276 2
528 4467 2
1416 2342 2
109 1349 3
6171 1735 125
3467 283 10
1709 3965 82
1916 752 33
4201 821 10
1965 2722 2
1828 4408 3
171 2415 32
4469 284 6
315 3981 22
1575 106 28
723 184 2
93 5604 3
3704 3466 2
2750 958 2
2800 609 10
152 4223 27
3864 1256 6
1982 457 0
1336 3669 6
5215 4392 110
443 77 22
374 2110 11
448 4662 24
217 602 10
2975 25 33
4241 5032 3
3495 350 67
5333 529 2
5950 3829 3
3956 2770 41
4233 228 2
5756 4016 33
718 309 52
850 3143 2
1238 1320 45
2304 5026 24
4586 1470 13
1457 677 24
3860 2717 2
3391 5144 41
3980 6470 53
287 4936 32
1470 821 10
1871 1099 11
315 1010 22
5647 3101 74
179 3728 2
4349 897 26
949 92 26
178 553 10
2160 4862 72
2319 3260 2
1429 576 32
540 373 24
1691 602 10
3310 1295 18
4146 4018 2
146 95 11
1903 2067 24
190 4453 22
3916 98 10
2149 309 52
4882 6209 2
4446 3334 66
528 529 2
1492 1493 0
3066 333 24
909 121 59
2640 25 33
6739 4228 43
4806 6543 63
2214 3293 3
80 3547 2
1290 2366 3
1683 6634 41
3406 3227 110
2712 233 2
943 3018 11
6508 972 34
1243 3062 70
5059 309 52
1489 6251 18
890 989 2
4862 2807 30
4757 3352 15
2420 612 24
1394 3167 41
1962 1809 24
1103 3849 3
647 5891 32
4068 1611 32
6434 85 2
179 5017 3
6201 364 57
2793 4743 6
822 155 10
1988 275 28
193 4138 70
1227 1737 6
2220 582 11
1112 158 22
2387 609 10
4504 1124 6
1464 574 10
481 233 2
3690 4012 2
5019 309 52
3076 5606 13
1127 3313 6
1586 309 52
2128 275 28
6030 765 2
1854 2057 6
5176 641 6
5067 283 10
3794 2511 93
1819 3856 13
2455 1756 11
4437 1371 74
2707 5903 34
4034 275 28
3014 3598 24
811 5949 108
647 6104 32
620 1970 2
1950 3312 18
1664 903 18
3300 5038 41
2614 309 52
4205 1735 2
3677 414 41
441 1678 99
1449 1450 2
3677 1938 72
2531 58 6
2834 2616 3
2038 309 52
2011 574 10
3815 2938 74
1994 209 92
2164 4079 32
672 602 10
1495 1496 51
1697 1698 3
2413 1381 15
1903 1094 3
1875 2747 18
2365 295 30
5595 443 53
1372 800 32
6389 1657 49
1903 106 28
6030 2976 24
277 4558 30
2731 1653 51
190 1807 22
132 2717 2
4540 569 2
1129 61 3
2864 522 2
544 315 53
522 4617 22
522 183 31
795 309 52
1826 5581 6
2160 1832 74
2050 606 3
1744 529 2
2583 205 46
4382 4457 2
5962 309 52
1202 132 2
280 1714 3
1593 1509 2
5545 818 2
2907 48 16
972 5596 30
2848 3107 70
2917 712 2
4530 1708 26
6129 48 16
576 1005 2
4882 106 28
3527 576 2
4205 5512 24
1167 1709 2
886 280 18
1359 817 2
128 5899 34
570 4413 3
2220 5646 11
714 6329 41
1461 3285 32
1398 844 3
2882 121 59
4304 3685 3
1924 4397 2
2050 703 2
5029 4797 46
3435 6111 114
190 4374 45
3511 4730 45
5194 493 92
718 2657 2
1860 1733 80
741 2205 2
3257 4018 2
1483 3289 32
3112 1173 10
5998 5926 18
2445 2406 11
2008 3283 6
4932 3227 2
315 4155 22
1736 3354 2
397 25 33
3860 25 33
2209 227 6
2832 5380 6
2751 3466 2
5479 5908 45
817 1436 2
5992 1739 11
1527 143 13
406 5405 32
266 3490 11
2758 3149 3
2406 309 52
3189 2232 6
5531 25 33
2040 1860 45
3775 1570 18
4837 1326 24
4475 693 11
6401 5873 18
6001 1067 2
3879 1009 53
4427 1391 31
1361 3472 24
2045 602 10
2947 6205 40
678 253 13
3163 25 33
153 5932 27
3596 1306 33
2409 4413 3
1527 1983 13
274 348 30
2426 6044 45
1089 106 28
374 4314 11
849 3144 43
3394 2451 18
2499 1831 11
1734 5387 126
153 3916 27
2716 977 24
3515 293 6
3844 1394 18
3383 2265 24
5182 5183 11
4069 2328 66
2302 2303 24
24 879 3
2958 1961 73
2573 2653 2
5959 1331 66
5069 522 53
1546 691 18
4923 781 33
2975 6329 25
3014 1112 2
4655 1172 69
2483 3805 2
1497 1617 30
1373 1996 45
1734 309 52
943 2140 11
2451 132 2
81 309 52
2768 174 10
569 309 52
5404 5344 61
2616 490 6
795 5341 3
1519 3699 2
4846 6002 41
5694 414 15
1800 2961 27
1299 288 24
6277 616 18
702 99 18
1575 6090 3
441 4104 99
4277 5741 36
1860 106 28
2820 2600 2
4515 4014 3
3371 5039 89
3383 574 10
5222 1504 72
4241 673 10
2863 4134 12
2834 3849 3
1742 4796 11
274 2845 30
1324 3789 3
1000 3855 32
539 1531 2
3118 1906 13
4657 1883 41
2847 2819 51
2931 4728 2
205 1865 41
4080 5857 81
443 1112 2
308 1418 80
2851 2850 2
3347 4131 18
5246 3476 18
1072 6434 18
3314 3786 11
5550 1283 18
2483 4079 24
2795 1982 93
5019 4452 2
2516 175 15
2214 3142 3
3912 1455 24
4077 731 131
4118 3334 6
1328 5074 2
2976 227 6
2446 5831 41
1890 193 3
6448 2407 3
5857 57 24
4640 525 18
951 3331 24
2214 2807 72
921 3912 2
4489 483 2
5910 47 10
1580 3918 72
2863 3662 3
4330 18 18
2748 353 32
3824 5904 2
3477 4489 2
153 311 27
639 731 77
2659 1173 10
2270 1740 32
4077 1509 131
157 156 106
3631 3815 6
93 2927 10
1112 3735 22
3555 2922 43
3487 2653 45
3170 3266 2
4024 3124 36
1355 4182 62
4838 1834 3
597 4631 3
6316 5141 24
2225 1500 24
2164 1572 32
2986 4987 6
190 4574 45
630 541 44
374 3321 11
2989 554 41
2268 2269 24
1159 4417 6
4368 2353 18
1450 4657 2
3327 1321 81
715 3690 81
5899 106 28
678 2441 13
474 4182 24
26 73 38
2286 3828 24
2477 609 10
2313 3738 24
5009 5328 32
5470 3185 2
2040 2912 45
3639 2388 3
2537 1125 3
2543 293 53
455 4761 2
3675 4177 2
578 3372 32
522 1445 24
822 5467 24
129 48 16
2214 4913 46
39 322 12
1240 2299 32
3057 781 33
1938 1707 36
1361 4906 74
3200 3815 2
5995 3066 6
3904 602 10
5150 4796 131
638 121 59
1574 389 3
1135 602 10
943 2961 11
2930 1194 34
6112 4951 77
795 106 28
2087 2456 32
857 3260 0
3066 25 33
2446 574 10
2249 3283 30
5507 2616 3
3082 5152 32
2666 309 52
731 47 10
474 475 2
2460 98 10
2311 4854 24
2505 4341 3
3794 4467 2
1361 1938 46
1594 772 32
2073 155 10
4201 73 38
2560 98 10
4473 459 99
6559 4569 10
1563 2599 2
5074 2746 85
2162 175 25
2616 931 51
2845 902 30
790 3723 32
3824 2140 2
3411 106 28
866 1876 43
2907 1384 30
3016 6470 53
2412 1270 6
1660 1974 2
2689 2688 36
4822 6481 110
5168 3129 3
1078 2271 32
2833 921 51
585 104 26
1163 6417 32
2254 2957 18
4782 1049 80
562 1692 2
2703 1838 3
105 472 27
13 5025 32
1847 4021 10
886 5194 18
596 4408 24
4134 4615 3
4793 743 13
6357 260 46
227 323 24
5515 106 28
3918 1580 30
1610 522 53
2328 574 10
1457 857 24
2337 682 24
4482 1898 84
3066 2532 24
979 594 72
3200 4348 3
661 1981 11
306 257 24
1989 4028 3
3749 1019 41
4276 309 52
3369 3805 2
1221 5648 32
3906 306 2
3942 963 46
204 2732 32
4477 821 10
2624 2185 2
4912 3024 116
979 602 10
184 4248 2
3351 2327 11
4079 2914 90
1064 1578 2
4807 2864 53
4083 309 52
5457 3107 18
1828 1706 2
2006 1011 66
3622 66 34
4412 2563 85
2562 2099 53
603 3926 32
4175 5461 18
2750 5400 41
5246 1005 18
447 4991 41
4647 522 53
607 1869 24
6216 2284 0
4400 5947 82
1483 1548 32
203 2506 36
3283 2088 46
2170 1381 92
2631 3589 10
2911 281 61
2865 2864 53
24 5032 3
2420 3522 24
2220 6222 11
862 1570 32
588 1371 32
4165 1435 66
2049 2046 3
1448 121 59
227 4233 2
190 4872 22
4473 3727 24
5751 3210 3
4935 1371 32
3669 5164 2
1361 4965 3
1193 443 53
4477 309 52
2604 6284 41
345 1890 2
5229 95 45
266 794 11
1498 3015 24
5238 6399 125
5067 6559 2
2631 1468 30
915 2867 2
3406 993 2
5946 1974 12
2622 2894 32
315 6542 22
4716 198 2
1103 4345 12
1051 3677 6
128 441 34
5854 2907 45
87 5696 2
6593 1413 45
1782 914 41
2781 2077 46
699 3057 2
1790 4948 24
2787 1502 18
3906 258 2
1644 731 11
4049 309 52
5381 25 33
5039 309 52
1706 347 2
5209 106 28
1600 1134 24
4678 1492 107
1554 3889 6
967 968 13
1663 3232 32
3287 525 110
5903 155 10
4433 1728 2
3707 2516 70
293 4749 22
5847 744 3
4822 5265 2
2712 414 41
2934 293 53
1039 446 33
2806 309 52
1589 2247 2
4379 1537 3
5184 2661 2
3428 48 16
4043 699 2
1483 757 32
291 98 10
3334 3549 24
4114 672 32
49 315 53
1208 602 10
1520 5151 32
4220 6300 10
5571 1916 2
332 4452 18
6384 1614 41
2442 293 32
6079 4166 51
277 798 2
4015 113 15
2468 616 6
6110 4745 43
1738 5077 24
1116 3285 32
3507 283 10
979 2131 24
1833 5994 3
3345 5602 107
132 2974 2
4800 2497 3
1847 25 33
1111 2347 115
2044 550 24
3308 55 20
4181 4182 93
4 5196 2
4894 4350 18
5849 1672 24
550 2044 6
3712 5570 12
5959 451 51
4078 857 24
125 396 13
6201 602 10
4100 5469 24
1512 1675 61
1844 1353 24
3725 2758 94
5701 198 43
5064 1447 73
5423 100 0
4745 602 10
852 1331 32
1985 309 52
5661 723 2
2227 2312 61
1926 474 2
2864 5467 22
522 5378 22
2526 825 81
5986 6666 10
6139 5413 6
1986 1746 32
3775 5164 18
3505 659 18
1643 205 46
3056 5682 15
3315 3434 82
3958 2662 32
5770 5179 74
5009 4015 32
3182 4018 0
1908 6325 3
1054 4315 90
4187 25 33
1235 4815 3
2575 1938 74
406 2036 32
3551 260 32
5184 3268 24
549 3912 18
817 860 26
1903 2957 2
2403 2547 81
3012 3472 3
2575 1037 30
252 1893 18
2600 2511 93
529 25 33
615 2912 2
1581 5342 32
4304 1357 3
793 3490 56
385 386 2
4083 574 10
4838 6448 2
656 5456 3
2411 1269 24
2910 5745 51
5350 5936 2
6289 179 18
152 3311 27
6157 770 13
3312 4052 2
795 5406 3
146 1740 11
293 4614 22
1970 25 33
2451 2717 2
52 1956 114
6584 4220 2
4529 3645 13
6026 4091 32
6121 1050 82
1112 315 2
448 1014 61
1900 903 32
3629 1648 3
1206 444 41
3456 754 18
420 5078 18
1599 4570 13
3070 615 2
1855 392 27
348 2487 3
3663 3185 88
5931 2011 51
1847 98 10
753 3322 18
1112 2617 22
1629 283 10
4880 6328 2
1334 4073 18
2539 2225 51
3064 5183 45
1398 1880 3
3383 25 33
693 275 28
1489 173 18
1191 2077 46
765 1941 93
684 311 27
866 1578 43
1054 1592 90
1536 4843 49
2961 98 10
1148 1097 2
4647 3675 70
6470 6205 2
6200 5450 32
2271 4930 92
2546 2414 46
1161 3592 30
4364 5626 82
5209 91 26
4293 2295 3
1967 4079 24
623 795 6
1372 2140 32
2509 2477 66
4149 275 28
2151 1790 32
3210 5751 0
4957 6051 32
1321 1893 2
562 3264 3
5090 1173 10
3389 180 18
3253 155 10
4637 25 33
4359 2931 51
230 276 2
5194 4019 2
6622 1625 13
4026 2511 24
4301 2901 45
378 2717 32
1996 1816 2
3307 1570 6
5837 2511 93
180 988 2
4527 1822 2
5709 4993 2
417 1924 43
5360 1124 32
1054 5300 90
5661 309 52
2757 2782 46
3440 5294 3
2215 3028 24
2615 3889 2
69 914 41
5454 267 11
4349 4376 129
5287 2482 2
637 4810 32
1665 4548 24
2180 4912 12
81 3758 2
478 3508 32
2577 5103 51
3547 5664 2
1915 1497 32
4382 2750 2
1412 178 45
1458 5203 3
6498 1552 110
4656 1173 10
198 3871 3
958 2703 2
4326 727 41
2499 2110 11
3381 602 10
1172 4655 69
1767 837 13
1728 1371 30
4287 3244 2
3467 1200 49
1064 397 2
1373 6323 45
2527 2061 85
3740 5949 13
1299 884 24
3943 309 52
2679 2540 41
3089 5446 32
2688 283 10
608 673 10
2769 1099 32
3974 309 52
5677 5516 77
4627 4574 30
2441 3500 24
1235 3828 24
3695 1962 6
4678 121 59
1335 104 80
4632 1835 2
646 3870 22
6401 2665 18
958 1079 2
407 4975 18
646 5788 22
6787 5214 11
2110 609 10
4204 1889 41
2303 2302 51
1344 1399 2
2535 5866 3
1331 1120 15
753 474 18
563 2602 126
3647 4654 18
1746 1595 24
3594 5559 103
1624 2866 2
244 1847 11
5365 1510 11
4277 3514 15
327 2908 32
1484 3662 24
291 2172 46
2538 6051 6
1876 914 25
3421 283 10
2264 609 10
4188 4350 13
2005 3334 66
104 1432 27
907 4687 89
3021 291 32
1755 2901 11
2226 2088 2
2152 4276 18
1324 4959 24
2961 3224 3
166 4153 18
1447 2218 3
4159 4949 10
2619 315 53
3319 5073 13
5467 1228 6
1377 3480 11
1261 836 2
4507 1884 32
522 6009 22
4247 4266 70
3128 5319 70
2643 1299 6
5771 1173 10
2249 3099 2
4559 553 10
4202 3334 66
745 5697 3
417 4627 43
1398 10 2
100 1120 15
539 1179 2
1363 1627 70
4440 309 52
5152 1536 2
2638 2105 3
129 4843 49
1951 2903 41
4862 2160 46
1412 3345 45
3532 3266 2
5398 5328 18
5374 5908 11
4492 3283 46
4689 25 33
3122 5914 15
243 5293 15
66 5943 92
3385 602 10
1792 2801 32
2045 1397 46
4837 3850 3
1116 3312 32
3102 414 41
875 2609 3
3391 1134 24
3677 121 59
104 4355 27
4296 1320 11
394 745 32
190 5688 24
2935 106 28
1789 106 28
2314 602 10
745 738 2
2152 5612 18
4551 48 16
2413 3048 3
560 190 53
2732 5058 24
5313 4083 2
3448 4657 72
4266 479 24
1394 2956 24
6042 448 30
1985 155 10
270 3038 121
348 2575 30
4837 1458 46
1139 3480 27
1996 2866 58
1699 2927 10
4026 2600 2
4407 1720 2
4379 5851 3
922 4012 53
466 4619 3
1038 5714 6
1457 4276 2
608 1544 3
3300 1434 3
5991 301 81
2999 3000 24
1784 104 26
2537 3124 2
2249 1242 2
866 3706 43
399 3965 56
3283 2689 2
4386 822 2
5429 2428 11
157 1790 44
659 25 33
992 694 10
4175 949 18
1534 6454 13
5917 2758 46
2876 25 33
3494 748 3
6119 3908 32
3337 1568 53
2921 91 26
681 6143 34
4371 227 2
3429 2136 22
3122 3038 121
3386 64 32
462 463 51
2314 5547 41
3508 3097 2
4417 3500 61
2072 996 11
1764 1348 101
5116 1292 70
65 3531 24
2656 6666 10
1000 487 32
927 4684 15
1301 1371 12
2036 25 33
3372 2029 3
3385 5501 24
5215 3003 10
5757 48 16
5990 3891 2
3099 4959 24
266 5357 11
2324 47 10
1329 4314 32
3784 360 32
5130 914 41
3793 2042 41
4001 285 2
770 1129 2
327 2284 32
2437 924 32
667 293 6
286 2252 2
5402 25 33
1489 949 18
6543 273 33
828 2916 85
171 392 32
2935 4996 24
992 48 16
6398 1394 73
2271 1029 2
3478 4182 93
190 3355 24
3634 3122 11
1821 379 2
5473 6327 110
4861 93 27
4519 1733 80
257 2348 115
1334 1965 18
1928 2225 51
2722 832 2
3592 1253 2
1651 3896 24
592 1009 53
276 4057 2
5269 1136 2
2601 642 2
2099 6484 90
2482 3369 2
1129 5825 3
3918 5781 126
3156 1693 45
5537 3240 32
1244 2205 27
124 106 28
4439 3570 15
2948 2537 6
448 25 33
4433 124 2
2352 3882 2
6124 3411 0
5804 6139 85
1472 106 28
1556 1880 3
1351 1789 32
3283 1344 94
1252 2458 32
5730 694 10
397 448 46
3253 106 28
162 2337 6
2045 1707 2
6163 602 10
1750 155 10
5022 106 28
4903 2191 18
6222 275 28
2428 6140 10
4475 2606 11
3040 727 41
3968 380 15
753 1005 18
2657 73 38
394 2863 32
958 1962 2
3591 4553 6
293 1296 22
5545 721 3
1248 1624 18
614 3272 43
489 4452 32
1558 6460 41
614 448 43
731 5361 26
2769 2324 32
798 167 3
1748 190 53
3906 3263 3
848 5484 2
5058 6448 6
6384 5303 85
198 3484 2
4109 2065 30
3056 699 2
4079 142 90
2311 1145 46
4782 6517 82
1600 4800 2
1042 4276 2
2907 3500 24
66 2271 2
1399 4716 2
2529 609 10
5887 108 12
4293 6197 3
179 4744 2
1938 356 24
979 594 30
2807 309 52
3511 2101 45
2783 2949 89
2091 2921 11
2455 5342 11
573 5587 3
620 482 2
5025 106 28
23 4607 24
42 4851 13
358 3013 81
3344 5077 24
2481 106 28
5847 2552 46
3541 48 16
5948 607 2
4540 105 80
190 3902 22
1448 1923 2
2614 4131 2
3744 4543 3
5421 2415 43
642 602 10
3353 5870 0
26 106 28
465 5151 2
646 2245 22
1687 309 52
3122 3917 30
1518 228 2
2850 1336 3
1923 2008 24
2688 2246 24
1691 1899 2
4058 5381 2
4068 1301 32
1834 1783 6
5811 5493 3
4382 5299 3
2291 829 93
2057 5030 3
2688 5068 3
1179 5713 41
288 3313 0
4556 3815 30
5179 1955 30
1148 3492 3
810 283 10
2679 2398 3
979 1810 3
293 4566 24
315 2197 22
3889 3500 24
2285 4920 2
5661 134 24
5401 4707 74
943 5445 11
2169 1776 15
4831 414 92
2415 121 59
288 1479 0
4743 48 16
1453 1504 2
3476 193 3
2946 5056 3
3456 3410 18
1091 725 101
3338 205 18
136 6107 11
3547 25 33
5516 79 41
4981 5151 18
4790 25 33
1371 3122 30
3908 6770 15
4834 694 10
996 98 10
876 3033 3
2768 1295 2
3 2754 30
1128 1470 32
3300 827 3
178 48 16
420 5553 18
1009 183 31
443 5724 22
2431 976 2
4737 2313 110
2066 3940 24
1842 472 11
1135 3846 46
4494 1198 44
3200 4591 24
2773 5052 99
1233 4756 3
4371 25 33
1543 6370 43
4554 5899 110
2938 4887 3
3704 4860 2
291 878 101
6383 1029 43
912 553 10
2834 3790 3
4594 3942 46
3946 609 10
4525 230 30
2700 251 61
1737 309 52
3040 2344 3
383 825 32
1324 781 33
3393 492 3
4359 3576 51
3805 2778 2
1543 1985 43
1299 121 59
4623 315 53
3555 3918 43
4250 2800 2
4656 353 2
4667 898 61
2542 1883 41
4083 380 15
3408 3894 3
1738 4293 2
3608 414 41
138 1536 2
5673 832 32
2311 665 41
2390 2101 32
1821 4059 2
2110 553 10
2475 694 10
3596 602 10
971 3840 2
652 5760 18
2410 3892 3
2894 602 10
3322 2264 2
3463 2303 3
5193 609 10
5718 2428 2
5404 3297 61
2306 5045 93
4452 914 25
1135 155 10
2459 731 30
394 4519 32
2534 80 2
2800 1172 69
4018 4657 2
2019 2911 32
4527 106 28
413 3480 27
4277 1338 24
6727 155 10
5314 3956 45
848 474 2
6029 5707 3
5173 6124 93
2302 77 24
1357 607 51
573 2493 24
672 966 10
2795 4821 2
2769 5450 32
180 2299 2
3334 4294 3
573 1657 49
2219 3846 46
4737 1962 2
1512 3198 3
4251 2961 32
4964 309 52
4545 3383 2
1290 3756 3
5325 4967 3
502 4744 2
4241 6666 10
315 1246 22
1412 5194 45
1989 653 2
3905 4744 2
614 5110 43
153 3956 27
3065 2758 6
2091 115 11
5838 283 10
3057 5142 3
5214 2906 15
702 2088 18
5419 3066 32
4342 1988 0
735 2941 2
1178 4627 2
897 2972 56
1536 1529 3
392 3122 111
1058 1322 8
2653 4225 15
1950 2653 18
1454 3083 125
3698 915 11
2243 4810 11
3629 5149 3
3532 2828 2
1235 3308 24
1278 1630 3
2232 150 3
3532 4379 2
5193 574 10
1233 4030 24
2456 175 92
5347 3592 73
3064 1836 45
1697 4393 3
1116 4219 32
1890 745 2
1129 1200 49
1375 1235 18
1512 3881 61
1252 3974 32
970 969 3
1371 5434 24
5452 1783 6
2284 106 28
660 5548 74
1418 4223 27
3836 274 73
2235 4829 43
31 3654 6
931 2791 3
1536 1537 24
6345 1283 18
5375 4029 51
2376 6130 15
2160 2917 74
3200 4591 3
3449 48 16
1429 280 32
1531 2153 2
1435 3049 61
6614 3041 11
312 3490 56
5664 574 10
723 4627 2
250 2661 32
1093 3283 18
4091 106 28
4417 5587 61
1900 1860 32
3876 4657 18
1996 47 10
2299 685 2
2901 602 10
3623 522 53
4951 48 16
2861 3940 3
5811 106 28
3597 574 10
2795 174 10
5267 311 11
2819 6045 2
143 5886 3
3005 2446 36
2468 4083 81
2961 6111 114
646 3927 22
308 2317 101
1837 912 45
3421 309 52
3322 608 2
315 6049 22
1789 1790 2
1221 976 32
1371 1313 3
4042 3576 13
3088 6035 11
294 607 51
2235 2560 43
1192 1457 32
1558 3468 3
2020 1028 15
3588 271 34
1547 2393 3
979 526 3
4432 3499 6
5884 1643 45
2306 25 33
1228 5216 24
1134 607 51
1868 1335 18
447 3685 3
4848 31 3
5512 443 53
4223 2684 2
6166 4224 53
3406 106 28
1644 1292 11
3021 5373 32
5714 25 33
4119 602 10
4026 227 2
1821 2974 2
4507 5380 32
3429 3430 22
4539 5136 46
126 155 10
3040 309 52
2472 174 10
5071 3480 111
5247 3843 6
646 1349 24
1502 219 33
394 1691 32
2936 2758 6
732 2021 32
1750 3815 30
4678 5641 24
1042 1242 2
1172 795 12
3590 2712 13
585 586 15
3021 2882 32
1505 3706 30
3473 3525 24
5918 1409 0
4451 6165 3
5405 151 26
1628 260 51
5787 283 10
785 574 10
4166 6079 24
2850 3209 15
1611 5698 30
5956 3110 2
6561 3860 13
2183 3482 32
1272 2011 81
2935 574 10
4326 3051 30
2760 2506 30
2391 602 10
4925 2165 29
5768 4021 10
661 2106 11
1067 25 33
2415 309 52
2385 5338 70
190 4186 24
2921 6773 41
1871 4364 11
3793 275 28
6635 983 6
64 2395 2
2313 309 52
608 106 28
909 5760 2
5220 2988 3
977 2431 115
564 3144 74
1554 2216 0
684 4691 27
4420 1861 0
935 5070 24
1447 5611 3
4015 6053 3
566 348 6
5034 1099 18
4743 602 10
5150 2171 131
5247 607 89
2999 821 10
1964 1963 24
951 5294 24
908 5844 2
1242 2153 2
5648 106 28
2347 4727 2
204 3012 32
374 5578 11
1699 3131 26
5745 350 67
5481 2878 66
1041 5823 24
3971 25 33
4100 1217 85
575 175 41
4700 1640 10
2187 3030 13
3344 5077 3
1578 34 41
4650 1399 43
2454 275 28
4401 2154 2
3563 121 59
386 5287 2
2066 576 46
3296 1299 81
274 1132 52
260 3779 3
4258 1127 24
890 4204 2
5813 2585 11
4146 1450 2
4295 3107 6
1868 3148 18
2963 106 28
5078 1516 41
95 1776 41
6220 673 10
211 1844 6
203 2809 3
2500 1132 52
5431 3688 127
5039 1331 2
1037 4633 24
401 573 94
646 4576 24
566 4987 6
2164 4427 32
3124 492 3
2059 831 27
2506 4878 46
1505 106 28
2433 1552 32
5802 1173 10
6434 3864 24
1926 350 67
6301 3050 6
3509 309 52
2030 2798 32
5044 25 33
280 2902 3
277 309 52
5398 3532 18
908 3175 3
4810 307 10
779 293 32
1295 2908 2
472 73 38
2348 4417 2
2747 3329 61
2327 47 10
153 4559 27
3742 5130 46
5209 1394 74
190 1812 45
293 1286 22
4135 2631 88
1204 152 80
46 3608 2
1935 994 41
5529 2328 66
2985 3012 46
3132 2474 2
5491 2993 22
2782 2757 46
190 3388 22
5024 743 18
91 5405 27
6212 106 28
244 1003 11
392 543 46
1782 3815 2
712 3650 46
473 6109 10
1194 4300 2
3669 135 33
406 2113 32
6144 3358 32
6296 5525 32
5500 106 28
2094 221 26
1449 469 2
5009 1208 32
4335 2066 46
394 3758 32
5751 5410 3
890 482 2
3406 4908 3
266 4378 11
2477 914 25
108 106 28
1947 2963 66
6592 2171 11
6340 6804 15
6250 722 6
3397 602 10
4829 1358 3
5233 576 30
5461 135 92
1153 1376 117
2321 106 28
2214 914 15
1551 5404 32
1372 3435 32
4657 25 33
1056 2264 18
378 818 32
5628 184 13
6163 816 15
3170 106 28
5496 4982 66
3013 25 33
646 197 22
6475 2965 43
1502 3191 24
243 1324 2
285 3395 3
1590 3471 59
3336 1796 41
4846 3269 123
3183 1173 10
2365 2407 3
2428 2718 92
576 6287 3
5130 3201 24
2661 2491 24
2938 3754 24
1148 694 10
1794 3650 32
1129 720 3
614 5248 43
5799 1415 11
3511 3918 45
2604 3508 2
70 126 2
2893 6697 41
2800 493 41
4810 414 25
3805 4672 2
948 45 126
1938 3779 24
1821 609 10
393 5215 46
138 1957 24
5011 293 53
163 3586 30
452 73 38
1204 4021 10
4040 3115 18
253 4769 26
2504 1988 2
2107 2917 32
135 2506 73
1916 371 24
4389 1548 2
2284 241 3
5887 1295 12
1525 6300 10
1092 47 10
1732 3307 24
682 2337 66
522 6006 22
669 1129 6
3088 4741 11
2066 6135 41
1090 1344 43
242 184 18
3214 4606 32
3264 1790 44
4757 2384 24
3508 6126 24
2140 309 52
4439 283 10
4533 1270 51
2038 574 10
5702 6222 45
3272 48 16
6454 309 52
5459 1299 2
1750 1776 15
5313 2467 127
4637 283 10
1299 4948 24
178 221 26
1923 1381 41
270 3003 10
4331 4425 81
417 1242 43
848 48 16
2797 4510 3
585 2728 10
6620 1876 2
4355 309 52
1923 3283 46
190 373 22
448 1493 2
2635 1640 10
1220 607 2
1373 662 45
522 4736 22
104 2861 27
6727 781 33
5593 5442 34
1221 3816 32
394 3143 32
2658 5507 2
266 267 11
1051 3096 51
5829 1743 2
4923 6463 15
6156 3742 30
3296 4305 6
1130 2876 2
4860 135 33
1361 1956 114
5120 477 24
848 155 10
397 4673 30
490 3883 46
3595 914 92
2682 121 59
2240 3906 2
2797 2783 3
179 884 3
2780 3702 3
1578 3744 2
647 4728 32
3641 5183 45
2020 47 10
3283 1017 24
188 3965 11
2811 6530 32
3534 4785 6
4248 4276 2
866 2460 43
2302 155 10
6709 659 11
2780 4230 15
646 631 22
1737 3998 61
3926 3162 3
2707 3648 34
5034 69 18
5694 25 33
4223 2317 26
1693 48 16
4468 6104 51
2050 2705 2
1543 2036 43
5599 73 38
1530 4923 11
5829 2376 2
28 4551 13
1556 2446 46
4633 1037 81
4663 585 11
4327 4305 6
2153 184 2
66 48 16
1795 3736 89
791 573 66
4238 877 3
732 3272 32
2040 6107 45
179 3803 3
2547 71 91
291 174 10
2024 2271 45
6705 3045 45
4613 2376 18
4518 25 33
1940 4796 32
3391 5643 24
1228 2835 3
943 1029 11
5121 2508 2
1988 121 59
3555 1590 43
3650 4779 3
2872 4185 0
2531 2797 6
777 4886 61
1484 430 3
656 3000 3
5193 2076 85
5267 95 11
3522 1331 51
2446 155 10
315 3027 22
6405 5215 2
1092 2101 2
1543 1906 43
173 6109 10
386 25 33
703 309 52
3569 3125 2
2721 563 0
3798 3012 74
6551 3057 13
6587 4691 11
2731 4221 6
1497 195 33
1837 4530 45
1934 4492 32
2744 2961 32
3607 257 24
291 5830 24
3270 174 10
4058 4212 3
1384 4393 3
2409 2537 74
4221 5565 24
347 73 38
4238 4469 3
6298 555 11
452 314 24
1334 2170 18
5601 2800 6
1536 2848 24
2413 155 10
2930 743 34
2936 4221 81
2446 1364 10
3095 2226 32
134 5338 70
522 3016 22
2413 602 10
2848 2050 6
4821 408 41
265 2776 70
1220 350 67
1733 1816 56
1024 609 10
3680 889 18
4492 5474 3
1283 1284 2
485 4977 24
129 283 10
2077 1277 2
2057 740 3
1371 1728 30
166 267 18
170 138 6
1819 2623 13
4728 2931 2
1399 4411 49
4754 309 52
1129 205 2
2342 1924 2
5047 672 6
2241 2420 44
2597 4172 18
2050 1828 2
1484 6148 3
522 4471 22
1980 3003 10
1143 1144 6
6044 1734 110
732 2020 32
2297 1570 6
2409 781 33
3736 574 10
6389 673 10
6009 522 53
4528 1961 13
3329 2747 6
1103 73 38
448 414 15
2049 1923 2
6188 4131 125
2154 2333 24
2922 48 16
190 2125 22
2409 2799 3
3918 1708 26
3857 5662 34
2304 3712 36
1916 106 28
5696 5911 2
1547 745 2
274 4225 15
3964 2049 45
472 860 26
4540 5377 24
1458 278 24
2261 392 18
614 1642 43
1737 5599 2
5295 4452 18
2506 2760 30
5659 2196 18
2799 2409 6
3280 821 10
4606 903 2
452 309 52
1472 399 80
1299 1281 24
198 2289 41
927 5570 30
420 1558 18
3660 4633 24
829 2291 6
6322 3708 115
1498 251 24
2418 2419 15
2364 1291 0
1779 1041 32
917 1322 55
325 65 32
1448 25 33
109 1031 2
1177 837 2
4741 2821 24
3773 4523 2
597 3910 41
3959 718 30
3253 174 10
1235 73 38
3195 1596 66
399 1099 27
3266 414 41
1459 124 32
1064 2298 2
852 1299 32
6129 3966 10
575 821 10
2311 3213 3
1458 1799 3
4918 951 44
2631 5426 49
5287 3030 2
2156 69 32
1596 1957 24
3867 350 67
1583 392 46
131 25 33
806 2128 32
2963 309 52
2342 5349 3
1935 1657 49
1957 1596 51
2500 4642 41
3012 1778 24
109 2974 2
5390 1448 2
258 257 24
591 203 13
989 106 28
10 2161 3
2219 4335 74
1734 151 26
2214 4494 3
3919 48 16
162 5040 6
1743 574 10
5949 5733 12
1262 4757 2
153 4741 27
67 2867 32
618 609 10
3597 283 10
3424 2532 24
484 3167 15
943 2524 11
284 698 15
2773 1045 24
1412 2684 45
6209 6276 25
1677 5333 32
3285 3317 24
4803 691 2
6586 2451 43
3510 1498 30
374 3045 11
4834 4323 49
4332 2614 104
5523 3847 24
1248 5631 18
2191 380 25
3390 25 33
4086 573 18
682 968 6
392 878 80
5545 2216 2
3591 487 0
479 443 53
1842 3861 11
3384 4662 3
3050 309 52
3744 309 52
3690 1500 24
5461 48 16
201 2021 30
4338 1384 74
3115 574 10
1042 4548 3
1513 1009 53
3109 2301 116
4579 824 24
5751 554 41
1728 2709 30
968 25 33
2077 275 28
4223 1734 2
4304 2409 2
3988 4864 15
2908 106 28
5837 574 10
280 35 49
3431 660 43
347 5760 2
4732 5268 13
6187 174 10
638 694 10
4364 1444 10
3709 2614 125
378 2379 32
534 609 10
93 153 26
347 850 2
1302 4223 32
4730 1444 10
1536 333 3
1982 4797 0
4831 25 33
4527 976 2
398 3463 0
1448 574 10
1235 285 46
244 3650 11
3 25 33
5344 5642 125
988 275 28
1701 3269 18
56 1738 6
2057 5499 3
190 1609 22
1568 1227 22
175 1707 73
1841 5646 11
4029 827 24
14 4100 18
1178 2153 2
4297 4532 18
1166 4492 11
2669 174 10
958 4848 2
1603 283 10
3888 443 18
153 95 27
931 3697 24
1000 347 32
1752 309 52
6524 1916 32
4326 275 28
466 2145 2
2024 4975 45
3815 5297 3
6083 1782 73
4223 1167 2
5654 4186 24
2787 2773 18
1331 1173 10
2160 3425 107
5179 665 41
3350 4516 53
3253 2700 2
4964 665 41
4079 5928 90
3786 1640 10
4645 3308 3
2952 1665 51
5220 1075 2
569 1854 24
5102 6327 43
5248 2345 2
1254 518 68
1042 395 3
738 3498 24
5995 3410 6
992 3405 111
4829 2849 14
576 4558 30
355 971 32
5214 602 10
889 106 28
5138 1503 10
5042 2475 34
1190 2205 27
5923 505 24
1331 106 28
104 1643 27
4761 5986 2
1570 398 24
190 5352 22
2990 3334 6
2347 805 10
5986 2501 3
3163 2892 24
260 196 3
5737 1120 15
578 3758 32
2249 2153 2
153 2882 27
4627 5302 10
825 2855 2
772 771 2
1586 878 80
4440 4439 2
86 3256 99
3753 1498 6
61 315 53
4951 602 10
3694 914 41
3988 4025 3
2780 2880 24
699 3856 2
1558 1091 46
5703 1498 72
3057 602 10
603 931 32
3338 452 18
4083 106 28
2332 2547 81
4059 2716 2
1161 3704 2
473 892 3
1512 4075 24
1664 1643 18
1416 2739 24
166 5932 18
4800 6227 3
992 2146 24
6156 2933 3
2534 275 28
3924 307 10
6673 1756 45
1832 47 10
1484 2679 2
3641 1739 45
3391 602 10
3435 1132 52
5491 4753 22
5962 414 15
329 2961 11
1543 1699 43
1498 104 26
5162 3645 18
276 25 33
3694 727 41
4427 73 79
573 3155 61
2851 1336 3
2263 1603 18
1049 4923 27
1978 5044 18
1732 48 16
190 2056 22
2604 347 2
1711 4187 13
543 275 28
777 190 2
6539 3143 13
1732 17 24
790 1114 32
1743 3699 2
3394 1305 18
2635 5602 107
5074 2745 2
265 156 106
1484 1089 2
93 98 10
759 2689 73
1363 6282 70
1429 3334 32
2015 2313 2
42 2982 13
2101 399 26
3202 132 2
4206 2714 66
1920 4079 6
1440 2038 32
1359 309 52
3694 1484 2
2901 273 33
1981 3812 10
1398 3388 3
2312 471 51
2088 894 24
374 4789 11
2445 5450 11
6530 73 38
1611 2807 30
6377 1320 11
656 3902 3
2050 3500 3
1126 3721 3
2505 634 3
1049 360 56
2508 4431 12
4130 5511 2
4383 2441 70
1031 106 28
1425 3843 36
4437 1894 74
386 275 28
2050 2854 3
6364 5450 11
1426 4052 32
5168 5896 24
1498 3264 24
1821 1052 41
1938 4674 46
2040 4153 45
4185 1177 2
1692 1005 2
378 276 32
5179 6185 2
2911 155 10
6056 646 117
844 1398 6
105 3480 27
1594 4654 32
4716 3484 2
4559 602 10
5903 234 41
372 4948 24
348 4464 49
1575 1357 3
5413 4096 24
4891 309 52
1876 3467 2
4056 809 18
4727 914 15
638 283 10
6613 2477 32
1416 1668 3
4236 1132 52
862 3200 32
831 106 28
138 309 52
3813 1356 70
4155 4266 70
4177 2927 10
3815 4093 74
104 311 27
5737 106 28
3421 1388 46
766 6140 10
347 1684 2
4681 2225 51
3503 1529 24
482 1111 24
1399 48 16
6057 260 6
3538 5073 11
1556 121 59
3124 2521 41
426 3563 32
2922 4886 3
1531 914 41
1805 616 89
3385 4588 24
1828 602 10
4707 5151 2
2800 2454 30
3650 712 46
2066 3638 30
306 602 10
345 193 24
5787 274 30
2232 3060 24
934 1761 41
457 48 16
2776 694 10
1999 473 32
822 1707 2
4198 5747 13
5017 2286 81
5007 4131 125
3639 6302 30
6707 2169 11
5705 1536 83
703 348 2
5578 106 28
1278 5765 3
146 4355 11
2630 1256 43
3593 2680 6
179 305 2
3946 574 10
3745 4838 2
1684 309 52
293 423 22
1917 534 46
6635 3285 6
5696 5648 2
2072 2500 11
3866 2949 66
1750 350 67
953 4667 32
576 3345 74
5051 609 10
2303 1112 53
1456 1457 2
315 4909 22
6259 4141 24
5402 5434 24
2985 48 16
1570 1132 52
2590 443 53
4595 6399 125
2249 1384 46
260 1917 30
5381 309 52
766 48 16
3240 451 2
779 452 32
1268 2110 6
441 1081 99
400 2862 81
3101 5647 74
4657 1075 2
1256 1257 2
2502 2178 46
2593 1935 32
2169 92 26
5109 5745 32
6141 4201 30
2140 48 16
3467 5345 3
2866 684 26
642 2473 2
3837 3414 3
1115 106 28
937 153 80
2387 309 52
1546 138 18
1669 2638 0
1112 780 24
3063 2286 100
1489 3321 18
2689 1838 3
2325 1005 2
779 471 32
4018 135 33
1961 4837 110
399 1335 27
2936 920 51
3610 1707 94
1531 184 2
1677 1518 32
5393 659 32
5320 966 10
358 5591 44
3693 3840 44
1329 6051 32
4274 4315 24
1228 2035 24
5178 4877 2
703 3406 2
1004 3745 13
6470 4298 131
5230 106 28
2159 2160 120
522 1826 24
1436 472 2
3321 25 33
3889 4101 3
4686 4000 32
5617 1734 111
575 1722 3
4788 4589 3
1940 1050 32
26 414 15
3007 3345 46
2662 4943 15
581 4796 11
1575 4001 2
1448 5390 2
6051 283 10
2284 4603 3
213 2299 0
2386 283 10
2143 1669 24
3957 1322 47
5422 6727 89
5899 3966 10
3110 25 33
2661 4518 2
4146 106 28
2458 505 3
252 1660 18
6289 5661 18
1091 47 10
5331 1536 30
4042 2882 13
1782 4388 46
250 5184 32
2881 646 53
448 3000 24
4516 3772 22
2838 914 41
1155 1435 6
5164 2033 3
951 952 24
2006 280 6
3508 2471 3
1844 309 52
2801 4250 2
2373 4920 6
1783 602 10
6265 4062 34
605 1394 73
2530 260 51
1144 5110 2
4386 4752 2
764 528 6
1962 65 2
1225 4728 32
921 251 24
166 2095 18
215 1985 88
1629 574 10
783 129 32
2220 392 11
3846 2219 74
1961 2395 2
1651 174 10
80 2065 2
3523 525 2
2895 1198 6
3236 1665 51
276 1297 2
1707 1037 46
964 3942 30
2585 665 92
3987 3071 11
6195 2838 6
1147 3815 30
3214 253 32
4430 2695 30
1388 3005 46
6318 609 10
1660 1643 2
2947 522 40
3969 217 0
190 6409 22
1568 3826 22
3895 2209 93
2364 1989 0
2013 465 6
596 3468 3
1005 563 2
4741 5921 24
4781 582 11
5179 6185 46
992 283 10
2907 5555 10
3334 1927 46
2864 1668 24
386 2482 2
42 4238 13
3383 106 28
641 914 41
280 25 33
2387 135 33
185 184 32
943 3916 11
3815 2200 3
6750 487 73
4907 414 25
2320 799 32
603 2057 32
1886 1831 30
1924 1810 3
850 602 10
394 80 32
2455 392 11
448 1014 3
4530 4943 92
3859 2451 2
983 5412 15
1543 3384 43
5425 5559 81
3805 25 33
594 979 30
661 1709 11
3618 2732 30
934 25 33
4920 2373 3
3821 1389 10
3592 1161 2
1115 1531 110
3493 4810 11
5068 971 44
815 106 28
4174 309 52
6653 5497 11
540 2833 24
1942 4401 32
4015 602 10
753 848 18
2384 4489 6
4398 1358 3
1244 1586 27
487 3704 2
1985 609 10
1669 2143 0
684 2500 27
3711 443 53
1861 1776 15
3567 5362 18
4026 529 2
4345 5244 3
4478 2876 13
443 2398 22
5862 4837 6
4505 3406 2
441 5512 99
3334 3038 121
4424 4286 43
188 771 11
4712 4745 46
1452 983 6
301 3674 24
2758 2131 24
4080 2864 53
5442 2105 3
2184 6318 6
1970 988 2
672 106 28
1910 2869 11
958 3672 3
1233 1155 3
312 372 27
190 774 22
3593 4838 0
81 4578 3
646 3842 22
4833 1629 18
3904 5795 3
314 1198 44
3411 25 33
4754 1985 2
178 4019 2
3532 4133 15
443 5634 22
3386 2611 32
731 105 26
2477 5052 24
449 372 70
3144 602 10
1060 315 53
2050 827 24
2534 2938 2
1026 47 10
1737 609 10
2961 155 10
3411 4990 2
3431 4773 43
2154 3808 22
3305 5523 2
270 6373 41
573 2168 3
1653 2731 24
203 4054 24
2700 1188 10
2227 1389 10
1836 106 28
6209 174 10
463 2851 2
931 73 38
190 4468 24
6625 1295 30
2515 1660 32
661 1472 11
1965 2866 58
958 3393 2
4166 1837 127
3437 4286 6
4241 106 28
1504 82 3
2196 781 33
4626 4644 13
4237 3685 3
2895 3143 6
2391 148 33
4022 47 10
3559 5760 2
2911 2038 2
3569 4577 2
3167 487 73
4233 1759 93
2057 3747 85
1554 525 6
3345 1883 41
3319 5442 13
6035 113 25
2864 1109 22
3109 106 28
1729 1250 3
4 3569 2
3375 4286 66
2527 3593 24
2143 155 10
6379 575 0
4656 5359 2
2072 1660 11
3325 4487 3
875 4085 24
2836 1256 2
1001 1282 46
1479 309 52
3633 293 53
3505 4314 18
2874 4975 24
5503 4515 46
4678 1357 24
4043 3856 2
1145 121 59
1636 602 10
3495 1776 15
5132 4163 13
1129 80 2
653 3132 2
979 4358 3
5862 3843 6
6251 1444 10
4816 1956 114
897 2073 27
153 1860 27
1970 890 2
5950 821 10
903 153 26
652 4437 18
2247 106 28
1480 3836 41
753 2800 18
443 1979 22
4015 1889 126
2220 4159 11
1546 4236 18
3095 2911 32
3073 607 6
5935 3056 2
1383 972 32
274 1536 30
4627 2153 2
1575 959 24
2023 3595 27
1548 602 10
5369 3473 63
3395 3841 44
3300 2050 2
5501 723 6
3271 3917 32
809 6702 91
483 821 10
3413 4166 81
920 3809 24
1944 1756 11
4001 694 10
348 2604 2
5431 47 10
1299 2877 85
291 5891 46
6230 3041 11
3508 1909 3
2671 1988 83
4631 291 6
190 1648 22
5585 1945 11
3804 809 51
3567 1996 18
871 3675 6
3014 380 25
1834 2864 53
3505 4142 18
5179 561 10
4392 158 3
2238 4752 43
5511 2061 93
4108 3508 32
419 576 32
2072 4809 11
5640 25 33
828 1572 2
4940 155 10
1111 2299 0
260 309 52
1564 2511 93
1746 5680 2
1153 1568 117
2214 309 52
143 1055 24
58 2531 24
712 694 10
912 1879 41
3744 1577 2
1493 574 10
3121 2874 34
4221 669 24
772 3092 26
490 309 52
2410 175 41
5876 2809 3
948 3553 24
2216 6236 3
2284 5501 24
5829 4174 2
5077 1738 6
1543 4390 43
4347 1552 43
2659 1094 24
2985 121 59
2133 155 10
280 3853 3
2232 3086 3
4264 821 10
4191 4606 70
825 309 52
4659 1299 81
3099 4869 3
4229 1145 73
1811 99 2
4951 309 52
943 641 11
1828 703 2
2101 25 33
5230 2292 2
3107 2873 26
4163 2473 2
3382 721 3
438 799 6
2366 2196 51
2260 5804 32
1416 1923 2
1594 4523 32
201 3815 30
2506 4878 74
5342 47 10
3556 842 45
3372 750 3
4759 4760 11
2110 3425 107
301 3611 3
607 646 2
1633 2518 89
2762 2860 24
3410 778 2
6431 1155 3
3097 1956 114
1135 1282 46
3853 280 6
2460 602 10
4982 1364 10
274 1888 94
614 4018 43
4034 3969 24
230 2798 46
1690 3596 51
578 1536 32
1911 48 16
4572 2780 6
3333 4012 53
1457 699 2
1169 1834 24
2912 2653 2
5398 1148 18
4667 671 41
3384 1930 3
6434 4075 99
5830 1256 63
4481 4557 18
2045 3306 3
2859 34 41
2481 609 10
3257 1098 2
1126 3178 3
4481 1861 18
5179 4855 74
465 1134 24
615 574 10
6384 5206 85
5026 4134 6
6482 602 10
6216 1233 0
929 4131 104
2241 293 53
3495 5782 24
2284 2276 3
407 5446 18
576 1949 74
3698 949 11
284 120 24
472 553 10
4856 795 30
1543 392 43
5196 3003 10
2863 2114 3
1751 216 72
1908 1769 24
809 966 10
2232 3925 33
638 4323 49
2220 1994 11
2550 574 10
6454 3098 24
937 106 28
522 5147 22
3899 205 18
4406 293 32
1601 4049 32
4940 3608 2
6680 2171 11
4672 1920 24
2240 257 24
5593 4790 34
1728 2658 2
4641 3421 6
3699 25 33
4505 347 2
1111 4204 0
2276 3334 6
5143 3675 2
637 4989 32
1135 814 3
190 4675 24
930 4003 18
374 472 11
837 155 10
1074 1640 10
172 4879 51
6316 106 28
4167 1169 32
2680 1303 2
190 2253 45
1297 1589 2
4304 1547 2
737 3308 4
1594 291 32
935 6009 22
5130 1120 41
3351 3432 11
5328 3168 41
2851 5152 2
3815 5538 3
2537 5957 3
1162 1144 70
1079 1840 15
2863 673 10
1256 414 25
3381 203 2
4667 574 10
541 4602 24
372 1281 24
647 1224 32
2845 2249 30
2535 269 3
543 564 46
6628 5110 34
866 4620 43
3567 2113 18
999 1311 3
4817 5173 2
5241 3690 6
659 309 52
2985 104 80
2110 163 74
250 4131 32
2435 315 6
4515 4756 3
1552 121 59
1198 526 24
3565 2911 18
1221 1750 32
6645 5328 43
3301 3249 3
3253 135 33
1497 1282 30
3968 4034 2
3385 4322 24
153 1423 27
4172 5431 2
374 1816 11
4237 3235 2
2985 153 26
1938 4184 3
2757 4554 94
2446 106 28
4627 184 2
3071 47 10
2632 6474 81
1112 1549 22
484 1803 30
1783 5452 24
378 5381 32
2874 48 16
4329 821 10
4505 1983 2
4897 2712 32
3636 1447 46
6065 1650 46
179 121 59
4528 3596 13
3132 799 2
6422 25 33
17 18 6
2085 452 13
5891 25 33
2684 399 26
4982 3828 24
1217 5041 0
4940 309 52
1750 5277 12
2316 6029 43
4311 1504 18
2413 4537 3
3300 1684 2
795 1776 41
2909 226 3
2036 309 52
5309 3891 2
92 915 27
999 1479 2
3314 4177 11
131 5381 2
2196 1159 24
3556 4809 45
3227 700 2
4182 3946 6
785 283 10
1097 5220 2
1596 283 10
3660 574 10
771 47 10
522 5369 22
4519 285 2
108 1054 91
1650 602 10
6439 3096 13
2360 4715 24
4425 4665 24
1458 5880 41
4355 2106 82
1078 2054 32
1578 4085 3
2286 4260 24
2298 1064 2
5894 174 10
2604 1684 2
2527 3593 93
3644 5103 2
1324 2249 2
5511 309 52
4894 2337 18
5779 573 6
4974 1816 45
204 2219 32
4397 4336 2
931 3790 3
1394 694 10
1278 673 10
1684 106 28
3 3569 2
4049 977 24
1000 5690 32
935 3447 22
1604 4397 32
1126 3313 2
4989 2095 2
3924 6109 10
1676 2477 6
482 988 2
4557 106 28
1519 2185 2
2853 1444 10
2077 2781 46
3758 80 2
2050 1983 2
631 2864 53
468 3687 15
1950 1026 18
5379 2457 2
540 541 2
2040 2121 45
4770 85 18
2596 48 16
1962 64 2
104 1981 27
2749 5616 18
56 4425 81
745 193 3
4138 307 10
1577 275 28
1617 4304 30
4201 1713 3
