9398
0	0
1	1
2	2
3	3
4	5
5	6
6	7
7	8
8	10
9	12
10	13
11	15
12	16
13	17
14	22
15	24
16	25
17	26
18	27
19	28
20	29
21	30
22	31
23	32
24	33
25	34
26	35
27	36
28	37
29	38
30	40
31	41
32	43
33	44
34	45
35	48
36	49
37	50
38	52
39	53
40	54
41	55
42	56
43	57
44	58
45	59
46	62
47	63
48	66
49	67
50	68
51	70
52	71
53	73
54	74
55	75
56	76
57	78
58	79
59	80
60	81
61	83
62	85
63	86
64	88
65	90
66	91
67	92
68	93
69	95
70	98
71	100
72	101
73	102
74	103
75	104
76	105
77	106
78	107
79	108
80	109
81	110
82	113
83	115
84	118
85	119
86	120
87	121
88	123
89	126
90	127
91	128
92	129
93	130
94	132
95	133
96	134
97	135
98	137
99	140
100	141
101	143
102	144
103	145
104	146
105	148
106	149
107	150
108	154
109	155
110	156
111	157
112	158
113	159
114	160
115	161
116	162
117	166
118	167
119	168
120	169
121	170
122	172
123	173
124	176
125	177
126	178
127	180
128	181
129	182
130	186
131	187
132	188
133	190
134	191
135	192
136	193
137	195
138	197
139	198
140	201
141	202
142	204
143	206
144	207
145	208
146	209
147	213
148	214
149	216
150	217
151	218
152	220
153	221
154	222
155	223
156	225
157	226
158	227
159	228
160	229
161	230
162	231
163	234
164	235
165	236
166	237
167	239
168	241
169	242
170	246
171	247
172	248
173	249
174	250
175	252
176	254
177	255
178	256
179	257
180	262
181	263
182	266
183	269
184	271
185	273
186	274
187	275
188	276
189	277
190	278
191	279
192	280
193	281
194	282
195	283
196	284
197	286
198	287
199	288
200	289
201	290
202	291
203	292
204	293
205	295
206	296
207	299
208	300
209	301
210	302
211	303
212	304
213	305
214	306
215	307
216	308
217	309
218	312
219	314
220	315
221	316
222	317
223	320
224	321
225	323
226	324
227	325
228	326
229	328
230	329
231	330
232	331
233	332
234	334
235	335
236	336
237	340
238	344
239	346
240	349
241	350
242	351
243	352
244	353
245	355
246	357
247	359
248	360
249	361
250	362
251	363
252	364
253	365
254	366
255	367
256	370
257	372
258	373
259	376
260	378
261	379
262	380
263	381
264	382
265	384
266	385
267	386
268	387
269	388
270	389
271	390
272	391
273	392
274	394
275	395
276	400
277	401
278	403
279	404
280	405
281	408
282	409
283	410
284	411
285	413
286	414
287	415
288	416
289	417
290	418
291	419
292	420
293	421
294	422
295	424
296	425
297	426
298	427
299	428
300	429
301	430
302	431
303	433
304	434
305	438
306	440
307	441
308	443
309	444
310	445
311	447
312	448
313	449
314	450
315	451
316	452
317	453
318	455
319	456
320	458
321	459
322	461
323	462
324	464
325	465
326	469
327	473
328	474
329	476
330	477
331	478
332	481
333	485
334	486
335	487
336	489
337	491
338	492
339	493
340	496
341	497
342	500
343	503
344	504
345	505
346	508
347	510
348	511
349	512
350	514
351	516
352	517
353	518
354	522
355	523
356	524
357	525
358	526
359	527
360	528
361	530
362	531
363	532
364	533
365	534
366	535
367	537
368	538
369	540
370	544
371	546
372	547
373	548
374	551
375	552
376	553
377	554
378	558
379	562
380	563
381	564
382	565
383	569
384	572
385	573
386	575
387	576
388	577
389	580
390	581
391	582
392	584
393	585
394	588
395	590
396	592
397	595
398	596
399	600
400	602
401	603
402	605
403	606
404	607
405	609
406	611
407	613
408	614
409	615
410	616
411	618
412	619
413	620
414	621
415	622
416	623
417	624
418	625
419	626
420	627
421	632
422	633
423	634
424	635
425	637
426	638
427	639
428	640
429	641
430	642
431	643
432	644
433	645
434	647
435	649
436	651
437	652
438	654
439	659
440	660
441	661
442	662
443	663
444	666
445	667
446	668
447	669
448	670
449	671
450	672
451	673
452	674
453	675
454	676
455	678
456	679
457	681
458	682
459	683
460	684
461	685
462	686
463	687
464	689
465	690
466	691
467	694
468	698
469	699
470	700
471	701
472	703
473	704
474	708
475	710
476	712
477	713
478	715
479	716
480	717
481	718
482	719
483	720
484	724
485	727
486	728
487	730
488	731
489	733
490	734
491	736
492	738
493	740
494	741
495	743
496	744
497	745
498	746
499	748
500	749
501	750
502	752
503	753
504	754
505	755
506	756
507	757
508	758
509	761
510	763
511	764
512	768
513	769
514	772
515	773
516	774
517	775
518	778
519	780
520	781
521	783
522	784
523	785
524	787
525	788
526	790
527	792
528	794
529	795
530	796
531	797
532	799
533	802
534	803
535	804
536	805
537	806
538	807
539	808
540	809
541	812
542	813
543	815
544	816
545	817
546	819
547	820
548	821
549	822
550	823
551	825
552	828
553	829
554	830
555	832
556	833
557	834
558	835
559	836
560	837
561	840
562	842
563	843
564	846
565	847
566	848
567	849
568	850
569	852
570	853
571	854
572	855
573	859
574	861
575	864
576	865
577	866
578	867
579	868
580	869
581	872
582	874
583	875
584	876
585	877
586	878
587	880
588	881
589	883
590	884
591	885
592	886
593	888
594	891
595	893
596	894
597	895
598	897
599	898
600	899
601	900
602	901
603	902
604	903
605	904
606	905
607	906
608	909
609	910
610	915
611	917
612	918
613	919
614	920
615	921
616	924
617	927
618	930
619	932
620	933
621	934
622	939
623	940
624	941
625	942
626	943
627	944
628	945
629	948
630	949
631	951
632	952
633	953
634	954
635	956
636	957
637	958
638	961
639	962
640	963
641	964
642	965
643	966
644	970
645	971
646	972
647	973
648	976
649	977
650	979
651	983
652	984
653	986
654	987
655	988
656	989
657	991
658	992
659	993
660	994
661	996
662	997
663	998
664	1000
665	1001
666	1004
667	1007
668	1008
669	1009
670	1010
671	1011
672	1013
673	1015
674	1016
675	1018
676	1020
677	1022
678	1023
679	1024
680	1025
681	1026
682	1028
683	1029
684	1030
685	1032
686	1033
687	1034
688	1035
689	1036
690	1038
691	1039
692	1040
693	1041
694	1043
695	1044
696	1045
697	1046
698	1047
699	1048
700	1050
701	1052
702	1053
703	1058
704	1059
705	1061
706	1063
707	1064
708	1065
709	1067
710	1068
711	1069
712	1070
713	1072
714	1075
715	1076
716	1077
717	1078
718	1079
719	1080
720	1082
721	1085
722	1087
723	1088
724	1089
725	1090
726	1091
727	1092
728	1093
729	1094
730	1095
731	1097
732	1099
733	1100
734	1101
735	1103
736	1105
737	1106
738	1107
739	1108
740	1109
741	1110
742	1112
743	1114
744	1115
745	1116
746	1122
747	1123
748	1124
749	1125
750	1129
751	1131
752	1132
753	1133
754	1134
755	1135
756	1138
757	1139
758	1141
759	1142
760	1143
761	1145
762	1146
763	1147
764	1150
765	1151
766	1152
767	1153
768	1154
769	1155
770	1157
771	1160
772	1161
773	1162
774	1163
775	1164
776	1165
777	1166
778	1167
779	1173
780	1174
781	1175
782	1176
783	1178
784	1179
785	1180
786	1181
787	1182
788	1183
789	1185
790	1186
791	1187
792	1190
793	1191
794	1193
795	1194
796	1195
797	1196
798	1197
799	1200
800	1201
801	1203
802	1204
803	1205
804	1206
805	1207
806	1208
807	1209
808	1210
809	1212
810	1213
811	1214
812	1215
813	1216
814	1217
815	1218
816	1219
817	1223
818	1224
819	1226
820	1228
821	1229
822	1230
823	1231
824	1232
825	1233
826	1234
827	1235
828	1236
829	1238
830	1243
831	1247
832	1251
833	1252
834	1254
835	1255
836	1257
837	1258
838	1259
839	1260
840	1261
841	1262
842	1263
843	1265
844	1266
845	1267
846	1268
847	1269
848	1274
849	1275
850	1276
851	1280
852	1281
853	1282
854	1286
855	1288
856	1290
857	1291
858	1293
859	1295
860	1297
861	1298
862	1301
863	1302
864	1303
865	1304
866	1305
867	1307
868	1308
869	1309
870	1310
871	1312
872	1315
873	1316
874	1317
875	1318
876	1319
877	1322
878	1324
879	1325
880	1326
881	1327
882	1328
883	1329
884	1332
885	1334
886	1335
887	1336
888	1337
889	1338
890	1339
891	1340
892	1341
893	1342
894	1343
895	1344
896	1345
897	1347
898	1348
899	1349
900	1350
901	1351
902	1352
903	1354
904	1355
905	1357
906	1359
907	1360
908	1361
909	1362
910	1364
911	1365
912	1366
913	1367
914	1370
915	1371
916	1372
917	1373
918	1377
919	1379
920	1382
921	1384
922	1385
923	1387
924	1388
925	1390
926	1392
927	1393
928	1394
929	1395
930	1396
931	1398
932	1399
933	1400
934	1402
935	1404
936	1405
937	1406
938	1408
939	1409
940	1410
941	1411
942	1412
943	1413
944	1414
945	1416
946	1417
947	1418
948	1419
949	1420
950	1422
951	1423
952	1424
953	1428
954	1429
955	1430
956	1431
957	1434
958	1436
959	1437
960	1439
961	1440
962	1442
963	1443
964	1445
965	1448
966	1450
967	1451
968	1452
969	1453
970	1455
971	1456
972	1457
973	1458
974	1460
975	1464
976	1465
977	1470
978	1473
979	1474
980	1476
981	1477
982	1478
983	1479
984	1480
985	1482
986	1484
987	1485
988	1487
989	1488
990	1490
991	1492
992	1494
993	1496
994	1497
995	1499
996	1500
997	1502
998	1504
999	1505
1000	1506
1001	1507
1002	1508
1003	1511
1004	1512
1005	1516
1006	1517
1007	1518
1008	1519
1009	1521
1010	1522
1011	1523
1012	1524
1013	1525
1014	1527
1015	1530
1016	1531
1017	1532
1018	1533
1019	1534
1020	1535
1021	1536
1022	1537
1023	1538
1024	1539
1025	1540
1026	1541
1027	1542
1028	1548
1029	1549
1030	1551
1031	1552
1032	1553
1033	1554
1034	1556
1035	1558
1036	1560
1037	1561
1038	1562
1039	1563
1040	1564
1041	1567
1042	1568
1043	1569
1044	1570
1045	1572
1046	1574
1047	1575
1048	1576
1049	1577
1050	1578
1051	1579
1052	1580
1053	1581
1054	1582
1055	1583
1056	1584
1057	1585
1058	1586
1059	1589
1060	1590
1061	1591
1062	1592
1063	1594
1064	1595
1065	1597
1066	1598
1067	1599
1068	1601
1069	1602
1070	1603
1071	1604
1072	1605
1073	1606
1074	1607
1075	1608
1076	1610
1077	1613
1078	1615
1079	1617
1080	1619
1081	1620
1082	1627
1083	1629
1084	1631
1085	1632
1086	1633
1087	1634
1088	1635
1089	1637
1090	1638
1091	1639
1092	1640
1093	1641
1094	1643
1095	1644
1096	1645
1097	1647
1098	1648
1099	1651
1100	1652
1101	1653
1102	1655
1103	1656
1104	1657
1105	1658
1106	1659
1107	1660
1108	1662
1109	1663
1110	1664
1111	1665
1112	1666
1113	1667
1114	1668
1115	1669
1116	1670
1117	1671
1118	1672
1119	1674
1120	1675
1121	1677
1122	1679
1123	1680
1124	1682
1125	1683
1126	1684
1127	1685
1128	1686
1129	1687
1130	1689
1131	1691
1132	1692
1133	1694
1134	1695
1135	1698
1136	1699
1137	1701
1138	1703
1139	1704
1140	1705
1141	1706
1142	1707
1143	1710
1144	1711
1145	1712
1146	1713
1147	1714
1148	1717
1149	1718
1150	1719
1151	1720
1152	1721
1153	1722
1154	1723
1155	1725
1156	1726
1157	1727
1158	1728
1159	1729
1160	1731
1161	1733
1162	1734
1163	1735
1164	1736
1165	1737
1166	1740
1167	1742
1168	1743
1169	1744
1170	1745
1171	1748
1172	1751
1173	1752
1174	1754
1175	1755
1176	1757
1177	1760
1178	1761
1179	1762
1180	1763
1181	1764
1182	1766
1183	1767
1184	1770
1185	1771
1186	1772
1187	1773
1188	1776
1189	1777
1190	1778
1191	1779
1192	1780
1193	1781
1194	1782
1195	1783
1196	1785
1197	1786
1198	1787
1199	1788
1200	1789
1201	1790
1202	1792
1203	1795
1204	1798
1205	1799
1206	1801
1207	1803
1208	1806
1209	1807
1210	1811
1211	1812
1212	1813
1213	1814
1214	1815
1215	1819
1216	1820
1217	1821
1218	1822
1219	1823
1220	1824
1221	1828
1222	1829
1223	1830
1224	1831
1225	1832
1226	1833
1227	1835
1228	1836
1229	1837
1230	1838
1231	1839
1232	1841
1233	1842
1234	1847
1235	1848
1236	1849
1237	1850
1238	1851
1239	1854
1240	1855
1241	1856
1242	1861
1243	1862
1244	1863
1245	1864
1246	1865
1247	1866
1248	1867
1249	1869
1250	1870
1251	1871
1252	1872
1253	1873
1254	1874
1255	1875
1256	1878
1257	1879
1258	1880
1259	1884
1260	1886
1261	1887
1262	1888
1263	1889
1264	1891
1265	1892
1266	1893
1267	1894
1268	1895
1269	1896
1270	1897
1271	1900
1272	1901
1273	1903
1274	1904
1275	1905
1276	1906
1277	1907
1278	1910
1279	1911
1280	1912
1281	1913
1282	1914
1283	1915
1284	1916
1285	1917
1286	1918
1287	1919
1288	1920
1289	1923
1290	1924
1291	1925
1292	1926
1293	1927
1294	1928
1295	1931
1296	1932
1297	1933
1298	1934
1299	1935
1300	1937
1301	1942
1302	1943
1303	1944
1304	1945
1305	1946
1306	1948
1307	1949
1308	1950
1309	1951
1310	1952
1311	1953
1312	1955
1313	1957
1314	1958
1315	1959
1316	1961
1317	1963
1318	1964
1319	1966
1320	1967
1321	1969
1322	1970
1323	1971
1324	1973
1325	1976
1326	1977
1327	1980
1328	1981
1329	1982
1330	1984
1331	1985
1332	1988
1333	1989
1334	1992
1335	1995
1336	1996
1337	1997
1338	1998
1339	1999
1340	2000
1341	2002
1342	2004
1343	2005
1344	2007
1345	2008
1346	2009
1347	2010
1348	2011
1349	2012
1350	2013
1351	2014
1352	2015
1353	2016
1354	2018
1355	2019
1356	2021
1357	2022
1358	2027
1359	2029
1360	2030
1361	2033
1362	2035
1363	2037
1364	2038
1365	2039
1366	2041
1367	2042
1368	2043
1369	2045
1370	2048
1371	2051
1372	2052
1373	2053
1374	2055
1375	2057
1376	2058
1377	2059
1378	2060
1379	2062
1380	2063
1381	2065
1382	2066
1383	2067
1384	2068
1385	2069
1386	2071
1387	2073
1388	2076
1389	2078
1390	2081
1391	2082
1392	2083
1393	2084
1394	2088
1395	2090
1396	2091
1397	2092
1398	2094
1399	2095
1400	2096
1401	2098
1402	2101
1403	2102
1404	2103
1405	2104
1406	2106
1407	2107
1408	2109
1409	2110
1410	2111
1411	2114
1412	2115
1413	2117
1414	2118
1415	2119
1416	2120
1417	2121
1418	2125
1419	2126
1420	2127
1421	2128
1422	2129
1423	2131
1424	2132
1425	2133
1426	2136
1427	2137
1428	2138
1429	2139
1430	2141
1431	2142
1432	2143
1433	2145
1434	2146
1435	2147
1436	2148
1437	2150
1438	2152
1439	2154
1440	2155
1441	2156
1442	2157
1443	2159
1444	2160
1445	2161
1446	2162
1447	2163
1448	2164
1449	2165
1450	2166
1451	2168
1452	2170
1453	2171
1454	2173
1455	2174
1456	2176
1457	2177
1458	2181
1459	2182
1460	2183
1461	2186
1462	2187
1463	2188
1464	2189
1465	2190
1466	2193
1467	2194
1468	2195
1469	2196
1470	2197
1471	2198
1472	2203
1473	2205
1474	2206
1475	2207
1476	2208
1477	2211
1478	2212
1479	2213
1480	2214
1481	2215
1482	2216
1483	2217
1484	2218
1485	2220
1486	2223
1487	2225
1488	2226
1489	2228
1490	2229
1491	2232
1492	2233
1493	2234
1494	2235
1495	2237
1496	2238
1497	2240
1498	2241
1499	2243
1500	2244
1501	2245
1502	2246
1503	2247
1504	2249
1505	2251
1506	2253
1507	2254
1508	2255
1509	2257
1510	2260
1511	2262
1512	2263
1513	2264
1514	2265
1515	2266
1516	2267
1517	2268
1518	2269
1519	2270
1520	2271
1521	2272
1522	2274
1523	2275
1524	2276
1525	2277
1526	2279
1527	2280
1528	2281
1529	2282
1530	2283
1531	2285
1532	2286
1533	2287
1534	2288
1535	2291
1536	2293
1537	2294
1538	2296
1539	2297
1540	2298
1541	2299
1542	2301
1543	2302
1544	2304
1545	2306
1546	2307
1547	2309
1548	2311
1549	2312
1550	2313
1551	2314
1552	2315
1553	2318
1554	2319
1555	2320
1556	2321
1557	2323
1558	2324
1559	2325
1560	2327
1561	2328
1562	2330
1563	2332
1564	2333
1565	2334
1566	2338
1567	2339
1568	2342
1569	2345
1570	2346
1571	2347
1572	2348
1573	2349
1574	2350
1575	2352
1576	2353
1577	2354
1578	2355
1579	2356
1580	2359
1581	2360
1582	2361
1583	2362
1584	2364
1585	2366
1586	2368
1587	2372
1588	2373
1589	2374
1590	2375
1591	2376
1592	2377
1593	2378
1594	2379
1595	2380
1596	2381
1597	2382
1598	2384
1599	2386
1600	2387
1601	2388
1602	2389
1603	2390
1604	2391
1605	2392
1606	2394
1607	2395
1608	2396
1609	2398
1610	2403
1611	2404
1612	2405
1613	2406
1614	2407
1615	2408
1616	2409
1617	2410
1618	2411
1619	2412
1620	2413
1621	2414
1622	2415
1623	2416
1624	2417
1625	2418
1626	2420
1627	2421
1628	2423
1629	2425
1630	2426
1631	2427
1632	2428
1633	2431
1634	2433
1635	2434
1636	2435
1637	2437
1638	2438
1639	2440
1640	2442
1641	2443
1642	2444
1643	2445
1644	2447
1645	2451
1646	2452
1647	2453
1648	2454
1649	2456
1650	2457
1651	2458
1652	2460
1653	2466
1654	2469
1655	2470
1656	2471
1657	2472
1658	2474
1659	2476
1660	2477
1661	2478
1662	2479
1663	2480
1664	2482
1665	2485
1666	2487
1667	2488
1668	2489
1669	2490
1670	2491
1671	2493
1672	2494
1673	2495
1674	2496
1675	2497
1676	2498
1677	2499
1678	2500
1679	2501
1680	2502
1681	2503
1682	2504
1683	2505
1684	2506
1685	2507
1686	2508
1687	2511
1688	2513
1689	2515
1690	2516
1691	2519
1692	2520
1693	2521
1694	2522
1695	2524
1696	2525
1697	2526
1698	2527
1699	2528
1700	2529
1701	2534
1702	2536
1703	2538
1704	2539
1705	2541
1706	2542
1707	2543
1708	2545
1709	2546
1710	2547
1711	2548
1712	2549
1713	2550
1714	2551
1715	2553
1716	2554
1717	2555
1718	2557
1719	2558
1720	2559
1721	2560
1722	2561
1723	2562
1724	2563
1725	2564
1726	2565
1727	2568
1728	2570
1729	2571
1730	2572
1731	2573
1732	2574
1733	2575
1734	2576
1735	2577
1736	2579
1737	2582
1738	2583
1739	2584
1740	2585
1741	2586
1742	2587
1743	2589
1744	2590
1745	2591
1746	2593
1747	2594
1748	2595
1749	2596
1750	2597
1751	2598
1752	2599
1753	2600
1754	2601
1755	2602
1756	2603
1757	2604
1758	2606
1759	2607
1760	2608
1761	2609
1762	2611
1763	2613
1764	2614
1765	2615
1766	2618
1767	2619
1768	2620
1769	2621
1770	2622
1771	2623
1772	2624
1773	2625
1774	2626
1775	2627
1776	2629
1777	2631
1778	2632
1779	2634
1780	2635
1781	2637
1782	2638
1783	2640
1784	2641
1785	2642
1786	2643
1787	2645
1788	2646
1789	2647
1790	2648
1791	2649
1792	2650
1793	2651
1794	2652
1795	2654
1796	2655
1797	2656
1798	2659
1799	2663
1800	2664
1801	2665
1802	2666
1803	2667
1804	2669
1805	2670
1806	2672
1807	2673
1808	2680
1809	2682
1810	2683
1811	2684
1812	2686
1813	2688
1814	2689
1815	2690
1816	2691
1817	2694
1818	2695
1819	2696
1820	2697
1821	2698
1822	2699
1823	2701
1824	2702
1825	2703
1826	2704
1827	2705
1828	2706
1829	2707
1830	2708
1831	2709
1832	2710
1833	2711
1834	2714
1835	2715
1836	2716
1837	2717
1838	2719
1839	2720
1840	2721
1841	2722
1842	2723
1843	2725
1844	2726
1845	2728
1846	2730
1847	2732
1848	2733
1849	2734
1850	2735
1851	2737
1852	2738
1853	2740
1854	2741
1855	2742
1856	2744
1857	2745
1858	2746
1859	2747
1860	2749
1861	2752
1862	2754
1863	2755
1864	2757
1865	2758
1866	2761
1867	2762
1868	2763
1869	2764
1870	2765
1871	2766
1872	2767
1873	2768
1874	2769
1875	2770
1876	2771
1877	2772
1878	2774
1879	2775
1880	2776
1881	2778
1882	2779
1883	2780
1884	2781
1885	2782
1886	2784
1887	2785
1888	2789
1889	2790
1890	2791
1891	2792
1892	2793
1893	2794
1894	2795
1895	2796
1896	2797
1897	2798
1898	2800
1899	2801
1900	2802
1901	2806
1902	2807
1903	2808
1904	2809
1905	2810
1906	2811
1907	2812
1908	2813
1909	2814
1910	2816
1911	2817
1912	2819
1913	2821
1914	2822
1915	2823
1916	2824
1917	2828
1918	2829
1919	2830
1920	2832
1921	2833
1922	2834
1923	2835
1924	2837
1925	2838
1926	2839
1927	2840
1928	2841
1929	2842
1930	2844
1931	2845
1932	2847
1933	2850
1934	2851
1935	2853
1936	2854
1937	2855
1938	2856
1939	2860
1940	2864
1941	2865
1942	2869
1943	2870
1944	2871
1945	2872
1946	2873
1947	2874
1948	2877
1949	2879
1950	2880
1951	2881
1952	2882
1953	2886
1954	2887
1955	2888
1956	2889
1957	2891
1958	2893
1959	2894
1960	2895
1961	2896
1962	2897
1963	2898
1964	2899
1965	2900
1966	2901
1967	2902
1968	2903
1969	2905
1970	2908
1971	2909
1972	2910
1973	2911
1974	2914
1975	2915
1976	2917
1977	2919
1978	2920
1979	2922
1980	2923
1981	2926
1982	2927
1983	2928
1984	2929
1985	2930
1986	2931
1987	2932
1988	2933
1989	2934
1990	2938
1991	2942
1992	2943
1993	2944
1994	2945
1995	2946
1996	2947
1997	2949
1998	2950
1999	2951
2000	2952
2001	2953
2002	2955
2003	2957
2004	2959
2005	2961
2006	2962
2007	2963
2008	2969
2009	2970
2010	2971
2011	2972
2012	2973
2013	2974
2014	2975
2015	2976
2016	2977
2017	2978
2018	2979
2019	2980
2020	2986
2021	2987
2022	2988
2023	2992
2024	2993
2025	2995
2026	2997
2027	2999
2028	3000
2029	3002
2030	3003
2031	3004
2032	3006
2033	3007
2034	3008
2035	3009
2036	3010
2037	3011
2038	3013
2039	3017
2040	3018
2041	3019
2042	3020
2043	3022
2044	3024
2045	3025
2046	3026
2047	3027
2048	3028
2049	3029
2050	3030
2051	3031
2052	3032
2053	3033
2054	3035
2055	3036
2056	3037
2057	3039
2058	3040
2059	3042
2060	3043
2061	3045
2062	3050
2063	3051
2064	3052
2065	3053
2066	3057
2067	3058
2068	3059
2069	3060
2070	3065
2071	3066
2072	3067
2073	3069
2074	3071
2075	3073
2076	3074
2077	3075
2078	3076
2079	3078
2080	3079
2081	3080
2082	3084
2083	3085
2084	3087
2085	3088
2086	3089
2087	3092
2088	3093
2089	3094
2090	3097
2091	3098
2092	3099
2093	3100
2094	3104
2095	3105
2096	3107
2097	3108
2098	3109
2099	3113
2100	3114
2101	3116
2102	3118
2103	3119
2104	3120
2105	3121
2106	3123
2107	3124
2108	3125
2109	3126
2110	3127
2111	3128
2112	3130
2113	3131
2114	3133
2115	3134
2116	3138
2117	3139
2118	3140
2119	3141
2120	3142
2121	3143
2122	3144
2123	3147
2124	3148
2125	3149
2126	3150
2127	3151
2128	3152
2129	3153
2130	3155
2131	3156
2132	3157
2133	3158
2134	3159
2135	3160
2136	3161
2137	3162
2138	3164
2139	3166
2140	3167
2141	3168
2142	3170
2143	3171
2144	3172
2145	3174
2146	3176
2147	3177
2148	3180
2149	3182
2150	3183
2151	3185
2152	3186
2153	3187
2154	3188
2155	3189
2156	3190
2157	3191
2158	3192
2159	3193
2160	3194
2161	3195
2162	3196
2163	3197
2164	3199
2165	3200
2166	3204
2167	3208
2168	3209
2169	3214
2170	3215
2171	3217
2172	3218
2173	3219
2174	3220
2175	3223
2176	3224
2177	3225
2178	3227
2179	3233
2180	3234
2181	3235
2182	3236
2183	3237
2184	3238
2185	3239
2186	3240
2187	3242
2188	3243
2189	3244
2190	3245
2191	3246
2192	3247
2193	3249
2194	3251
2195	3252
2196	3253
2197	3254
2198	3255
2199	3256
2200	3259
2201	3261
2202	3262
2203	3263
2204	3264
2205	3265
2206	3266
2207	3267
2208	3269
2209	3270
2210	3273
2211	3274
2212	3275
2213	3277
2214	3278
2215	3279
2216	3281
2217	3283
2218	3284
2219	3285
2220	3286
2221	3289
2222	3290
2223	3291
2224	3292
2225	3295
2226	3296
2227	3297
2228	3298
2229	3300
2230	3301
2231	3304
2232	3306
2233	3307
2234	3308
2235	3309
2236	3310
2237	3312
2238	3313
2239	3314
2240	3316
2241	3317
2242	3318
2243	3320
2244	3321
2245	3323
2246	3324
2247	3325
2248	3327
2249	3328
2250	3329
2251	3330
2252	3332
2253	3333
2254	3334
2255	3335
2256	3337
2257	3338
2258	3339
2259	3340
2260	3341
2261	3342
2262	3343
2263	3344
2264	3345
2265	3346
2266	3349
2267	3351
2268	3353
2269	3354
2270	3358
2271	3361
2272	3362
2273	3364
2274	3365
2275	3366
2276	3367
2277	3368
2278	3369
2279	3372
2280	3373
2281	3374
2282	3376
2283	3377
2284	3378
2285	3379
2286	3380
2287	3383
2288	3384
2289	3387
2290	3389
2291	3392
2292	3394
2293	3395
2294	3397
2295	3398
2296	3399
2297	3400
2298	3401
2299	3402
2300	3403
2301	3405
2302	3406
2303	3408
2304	3409
2305	3410
2306	3411
2307	3413
2308	3415
2309	3418
2310	3420
2311	3421
2312	3422
2313	3423
2314	3424
2315	3425
2316	3426
2317	3427
2318	3430
2319	3431
2320	3432
2321	3434
2322	3435
2323	3436
2324	3437
2325	3440
2326	3441
2327	3442
2328	3443
2329	3444
2330	3445
2331	3447
2332	3448
2333	3453
2334	3454
2335	3456
2336	3457
2337	3461
2338	3462
2339	3463
2340	3464
2341	3465
2342	3466
2343	3467
2344	3468
2345	3469
2346	3471
2347	3473
2348	3474
2349	3475
2350	3476
2351	3478
2352	3479
2353	3480
2354	3481
2355	3483
2356	3484
2357	3485
2358	3486
2359	3487
2360	3488
2361	3490
2362	3491
2363	3492
2364	3493
2365	3494
2366	3496
2367	3497
2368	3498
2369	3499
2370	3500
2371	3503
2372	3504
2373	3505
2374	3506
2375	3507
2376	3508
2377	3510
2378	3513
2379	3514
2380	3515
2381	3516
2382	3517
2383	3519
2384	3520
2385	3521
2386	3522
2387	3523
2388	3524
2389	3525
2390	3526
2391	3528
2392	3529
2393	3530
2394	3531
2395	3532
2396	3536
2397	3539
2398	3541
2399	3542
2400	3544
2401	3545
2402	3547
2403	3548
2404	3549
2405	3551
2406	3552
2407	3553
2408	3554
2409	3555
2410	3556
2411	3557
2412	3558
2413	3560
2414	3561
2415	3562
2416	3563
2417	3564
2418	3566
2419	3568
2420	3569
2421	3570
2422	3572
2423	3573
2424	3574
2425	3575
2426	3576
2427	3578
2428	3579
2429	3580
2430	3582
2431	3583
2432	3584
2433	3585
2434	3587
2435	3590
2436	3591
2437	3592
2438	3593
2439	3594
2440	3595
2441	3596
2442	3597
2443	3598
2444	3599
2445	3600
2446	3601
2447	3602
2448	3603
2449	3604
2450	3605
2451	3607
2452	3608
2453	3611
2454	3612
2455	3615
2456	3616
2457	3617
2458	3618
2459	3619
2460	3620
2461	3621
2462	3625
2463	3626
2464	3627
2465	3628
2466	3629
2467	3630
2468	3631
2469	3632
2470	3634
2471	3639
2472	3640
2473	3642
2474	3643
2475	3645
2476	3647
2477	3649
2478	3652
2479	3653
2480	3654
2481	3656
2482	3657
2483	3658
2484	3659
2485	3660
2486	3662
2487	3664
2488	3666
2489	3667
2490	3668
2491	3669
2492	3670
2493	3671
2494	3673
2495	3674
2496	3677
2497	3678
2498	3681
2499	3682
2500	3683
2501	3684
2502	3685
2503	3686
2504	3687
2505	3688
2506	3689
2507	3690
2508	3691
2509	3692
2510	3693
2511	3694
2512	3695
2513	3696
2514	3697
2515	3698
2516	3699
2517	3700
2518	3701
2519	3704
2520	3706
2521	3707
2522	3710
2523	3711
2524	3712
2525	3714
2526	3715
2527	3716
2528	3718
2529	3720
2530	3721
2531	3722
2532	3723
2533	3725
2534	3728
2535	3729
2536	3732
2537	3733
2538	3734
2539	3735
2540	3736
2541	3737
2542	3738
2543	3739
2544	3740
2545	3742
2546	3743
2547	3744
2548	3746
2549	3749
2550	3750
2551	3754
2552	3755
2553	3757
2554	3758
2555	3760
2556	3761
2557	3762
2558	3763
2559	3764
2560	3765
2561	3767
2562	3768
2563	3769
2564	3770
2565	3771
2566	3772
2567	3773
2568	3775
2569	3776
2570	3777
2571	3778
2572	3779
2573	3780
2574	3781
2575	3782
2576	3783
2577	3784
2578	3785
2579	3786
2580	3787
2581	3788
2582	3789
2583	3790
2584	3792
2585	3793
2586	3794
2587	3795
2588	3796
2589	3797
2590	3798
2591	3800
2592	3801
2593	3802
2594	3805
2595	3806
2596	3807
2597	3808
2598	3809
2599	3810
2600	3815
2601	3817
2602	3818
2603	3819
2604	3820
2605	3821
2606	3822
2607	3824
2608	3825
2609	3827
2610	3828
2611	3831
2612	3832
2613	3833
2614	3834
2615	3836
2616	3837
2617	3838
2618	3839
2619	3840
2620	3841
2621	3843
2622	3845
2623	3846
2624	3847
2625	3848
2626	3851
2627	3852
2628	3853
2629	3854
2630	3855
2631	3857
2632	3858
2633	3860
2634	3861
2635	3862
2636	3864
2637	3865
2638	3866
2639	3870
2640	3871
2641	3872
2642	3873
2643	3874
2644	3877
2645	3878
2646	3879
2647	3880
2648	3881
2649	3883
2650	3885
2651	3886
2652	3887
2653	3888
2654	3890
2655	3891
2656	3892
2657	3893
2658	3894
2659	3895
2660	3897
2661	3898
2662	3899
2663	3900
2664	3901
2665	3902
2666	3903
2667	3906
2668	3908
2669	3909
2670	3910
2671	3912
2672	3913
2673	3914
2674	3915
2675	3918
2676	3919
2677	3920
2678	3921
2679	3922
2680	3924
2681	3925
2682	3926
2683	3928
2684	3930
2685	3931
2686	3932
2687	3933
2688	3934
2689	3936
2690	3937
2691	3938
2692	3941
2693	3944
2694	3945
2695	3946
2696	3947
2697	3948
2698	3949
2699	3950
2700	3951
2701	3952
2702	3954
2703	3955
2704	3957
2705	3961
2706	3962
2707	3963
2708	3964
2709	3965
2710	3966
2711	3967
2712	3968
2713	3969
2714	3971
2715	3972
2716	3973
2717	3974
2718	3975
2719	3976
2720	3979
2721	3980
2722	3981
2723	3982
2724	3983
2725	3984
2726	3986
2727	3987
2728	3988
2729	3989
2730	3992
2731	3993
2732	3995
2733	3996
2734	3997
2735	3998
2736	3999
2737	4000
2738	4001
2739	4003
2740	4004
2741	4006
2742	4008
2743	4009
2744	4010
2745	4012
2746	4013
2747	4014
2748	4015
2749	4016
2750	4017
2751	4018
2752	4019
2753	4020
2754	4021
2755	4022
2756	4023
2757	4026
2758	4027
2759	4028
2760	4029
2761	4030
2762	4031
2763	4032
2764	4033
2765	4034
2766	4035
2767	4036
2768	4037
2769	4040
2770	4041
2771	4042
2772	4043
2773	4045
2774	4046
2775	4047
2776	4048
2777	4051
2778	4052
2779	4053
2780	4056
2781	4057
2782	4058
2783	4059
2784	4060
2785	4061
2786	4062
2787	4063
2788	4064
2789	4065
2790	4066
2791	4067
2792	4068
2793	4069
2794	4070
2795	4071
2796	4072
2797	4073
2798	4074
2799	4075
2800	4076
2801	4077
2802	4078
2803	4079
2804	4080
2805	4082
2806	4083
2807	4084
2808	4085
2809	4086
2810	4088
2811	4089
2812	4090
2813	4091
2814	4092
2815	4093
2816	4094
2817	4095
2818	4096
2819	4098
2820	4099
2821	4100
2822	4103
2823	4104
2824	4105
2825	4106
2826	4107
2827	4108
2828	4109
2829	4110
2830	4111
2831	4112
2832	4113
2833	4114
2834	4116
2835	4117
2836	4120
2837	4122
2838	4123
2839	4124
2840	4125
2841	4127
2842	4129
2843	4130
2844	4131
2845	4132
2846	4133
2847	4134
2848	4135
2849	4136
2850	4137
2851	4138
2852	4139
2853	4140
2854	4141
2855	4142
2856	4143
2857	4144
2858	4145
2859	4146
2860	4147
2861	4148
2862	4150
2863	4152
2864	4153
2865	4154
2866	4155
2867	4156
2868	4157
2869	4160
2870	4161
2871	4163
2872	4164
2873	4166
2874	4167
2875	4169
2876	4171
2877	4172
2878	4173
2879	4174
2880	4175
2881	4177
2882	4179
2883	4180
2884	4181
2885	4182
2886	4184
2887	4185
2888	4186
2889	4187
2890	4188
2891	4190
2892	4191
2893	4192
2894	4193
2895	4194
2896	4195
2897	4196
2898	4198
2899	4199
2900	4200
2901	4202
2902	4205
2903	4206
2904	4207
2905	4208
2906	4210
2907	4211
2908	4212
2909	4214
2910	4221
2911	4222
2912	4223
2913	4224
2914	4225
2915	4227
2916	4230
2917	4231
2918	4232
2919	4233
2920	4234
2921	4235
2922	4236
2923	4237
2924	4239
2925	4240
2926	4241
2927	4242
2928	4244
2929	4245
2930	4246
2931	4249
2932	4250
2933	4251
2934	4252
2935	4253
2936	4254
2937	4257
2938	4258
2939	4259
2940	4260
2941	4261
2942	4262
2943	4266
2944	4267
2945	4268
2946	4269
2947	4270
2948	4271
2949	4272
2950	4274
2951	4275
2952	4276
2953	4280
2954	4281
2955	4282
2956	4283
2957	4284
2958	4285
2959	4289
2960	4290
2961	4291
2962	4293
2963	4294
2964	4296
2965	4297
2966	4298
2967	4299
2968	4300
2969	4303
2970	4305
2971	4307
2972	4308
2973	4309
2974	4310
2975	4311
2976	4312
2977	4313
2978	4315
2979	4317
2980	4318
2981	4319
2982	4320
2983	4321
2984	4322
2985	4323
2986	4324
2987	4325
2988	4327
2989	4330
2990	4331
2991	4332
2992	4333
2993	4334
2994	4335
2995	4336
2996	4337
2997	4338
2998	4339
2999	4340
3000	4341
3001	4342
3002	4343
3003	4345
3004	4346
3005	4349
3006	4350
3007	4351
3008	4352
3009	4353
3010	4354
3011	4355
3012	4356
3013	4357
3014	4358
3015	4359
3016	4360
3017	4361
3018	4362
3019	4363
3020	4364
3021	4365
3022	4366
3023	4367
3024	4368
3025	4370
3026	4371
3027	4372
3028	4374
3029	4375
3030	4376
3031	4377
3032	4378
3033	4379
3034	4380
3035	4381
3036	4382
3037	4383
3038	4384
3039	4386
3040	4387
3041	4388
3042	4391
3043	4393
3044	4394
3045	4395
3046	4397
3047	4398
3048	4399
3049	4400
3050	4401
3051	4402
3052	4403
3053	4404
3054	4405
3055	4406
3056	4407
3057	4408
3058	4409
3059	4410
3060	4411
3061	4412
3062	4415
3063	4416
3064	4417
3065	4419
3066	4420
3067	4421
3068	4422
3069	4423
3070	4424
3071	4425
3072	4427
3073	4428
3074	4429
3075	4430
3076	4432
3077	4433
3078	4434
3079	4435
3080	4436
3081	4437
3082	4438
3083	4440
3084	4443
3085	4444
3086	4445
3087	4448
3088	4449
3089	4450
3090	4451
3091	4452
3092	4455
3093	4458
3094	4460
3095	4462
3096	4463
3097	4464
3098	4465
3099	4466
3100	4467
3101	4468
3102	4469
3103	4471
3104	4472
3105	4473
3106	4474
3107	4475
3108	4476
3109	4477
3110	4479
3111	4480
3112	4481
3113	4482
3114	4483
3115	4484
3116	4486
3117	4487
3118	4489
3119	4490
3120	4492
3121	4494
3122	4495
3123	4496
3124	4497
3125	4498
3126	4501
3127	4502
3128	4503
3129	4505
3130	4506
3131	4507
3132	4508
3133	4509
3134	4511
3135	4513
3136	4514
3137	4515
3138	4516
3139	4517
3140	4519
3141	4520
3142	4521
3143	4524
3144	4529
3145	4530
3146	4532
3147	4536
3148	4537
3149	4538
3150	4539
3151	4541
3152	4542
3153	4544
3154	4545
3155	4546
3156	4547
3157	4548
3158	4549
3159	4550
3160	4551
3161	4553
3162	4554
3163	4556
3164	4557
3165	4559
3166	4561
3167	4562
3168	4564
3169	4565
3170	4566
3171	4567
3172	4570
3173	4571
3174	4572
3175	4574
3176	4575
3177	4576
3178	4577
3179	4578
3180	4579
3181	4580
3182	4581
3183	4582
3184	4583
3185	4584
3186	4587
3187	4588
3188	4589
3189	4590
3190	4591
3191	4592
3192	4593
3193	4594
3194	4595
3195	4596
3196	4597
3197	4600
3198	4601
3199	4602
3200	4603
3201	4604
3202	4605
3203	4606
3204	4607
3205	4610
3206	4611
3207	4612
3208	4613
3209	4614
3210	4615
3211	4616
3212	4617
3213	4618
3214	4619
3215	4623
3216	4624
3217	4625
3218	4626
3219	4627
3220	4628
3221	4629
3222	4630
3223	4636
3224	4639
3225	4642
3226	4643
3227	4644
3228	4646
3229	4647
3230	4648
3231	4650
3232	4651
3233	4655
3234	4657
3235	4658
3236	4659
3237	4660
3238	4661
3239	4662
3240	4663
3241	4664
3242	4668
3243	4671
3244	4672
3245	4673
3246	4674
3247	4675
3248	4676
3249	4677
3250	4678
3251	4679
3252	4680
3253	4681
3254	4682
3255	4684
3256	4688
3257	4689
3258	4690
3259	4691
3260	4692
3261	4693
3262	4694
3263	4695
3264	4696
3265	4697
3266	4698
3267	4699
3268	4700
3269	4702
3270	4704
3271	4705
3272	4706
3273	4707
3274	4708
3275	4710
3276	4711
3277	4712
3278	4715
3279	4716
3280	4717
3281	4719
3282	4720
3283	4721
3284	4724
3285	4725
3286	4726
3287	4727
3288	4728
3289	4729
3290	4730
3291	4731
3292	4732
3293	4735
3294	4736
3295	4740
3296	4741
3297	4743
3298	4744
3299	4745
3300	4747
3301	4748
3302	4750
3303	4751
3304	4752
3305	4754
3306	4756
3307	4757
3308	4758
3309	4761
3310	4762
3311	4763
3312	4764
3313	4765
3314	4766
3315	4768
3316	4769
3317	4771
3318	4772
3319	4773
3320	4774
3321	4775
3322	4776
3323	4777
3324	4779
3325	4780
3326	4782
3327	4783
3328	4785
3329	4787
3330	4788
3331	4789
3332	4790
3333	4791
3334	4792
3335	4793
3336	4794
3337	4795
3338	4798
3339	4800
3340	4801
3341	4802
3342	4807
3343	4808
3344	4809
3345	4812
3346	4813
3347	4814
3348	4815
3349	4816
3350	4817
3351	4818
3352	4819
3353	4820
3354	4821
3355	4822
3356	4824
3357	4825
3358	4826
3359	4827
3360	4830
3361	4831
3362	4833
3363	4834
3364	4835
3365	4837
3366	4839
3367	4841
3368	4842
3369	4843
3370	4844
3371	4845
3372	4847
3373	4849
3374	4850
3375	4852
3376	4853
3377	4854
3378	4855
3379	4856
3380	4857
3381	4858
3382	4859
3383	4861
3384	4862
3385	4863
3386	4865
3387	4867
3388	4868
3389	4869
3390	4870
3391	4871
3392	4872
3393	4874
3394	4875
3395	4877
3396	4879
3397	4880
3398	4881
3399	4883
3400	4884
3401	4885
3402	4886
3403	4889
3404	4890
3405	4891
3406	4892
3407	4893
3408	4895
3409	4896
3410	4897
3411	4898
3412	4899
3413	4900
3414	4901
3415	4902
3416	4904
3417	4905
3418	4906
3419	4909
3420	4910
3421	4911
3422	4912
3423	4913
3424	4915
3425	4916
3426	4917
3427	4919
3428	4920
3429	4921
3430	4923
3431	4924
3432	4928
3433	4930
3434	4931
3435	4934
3436	4936
3437	4938
3438	4939
3439	4940
3440	4941
3441	4943
3442	4944
3443	4945
3444	4946
3445	4947
3446	4948
3447	4949
3448	4950
3449	4951
3450	4953
3451	4954
3452	4956
3453	4958
3454	4960
3455	4964
3456	4965
3457	4966
3458	4967
3459	4968
3460	4970
3461	4971
3462	4972
3463	4973
3464	4974
3465	4975
3466	4976
3467	4978
3468	4981
3469	4982
3470	4986
3471	4988
3472	4989
3473	4990
3474	4991
3475	4992
3476	4993
3477	4994
3478	4995
3479	4997
3480	4998
3481	5000
3482	5001
3483	5004
3484	5005
3485	5006
3486	5007
3487	5009
3488	5010
3489	5011
3490	5012
3491	5013
3492	5014
3493	5015
3494	5017
3495	5020
3496	5021
3497	5024
3498	5025
3499	5026
3500	5028
3501	5029
3502	5031
3503	5032
3504	5033
3505	5034
3506	5036
3507	5037
3508	5039
3509	5040
3510	5041
3511	5042
3512	5043
3513	5044
3514	5045
3515	5046
3516	5047
3517	5048
3518	5049
3519	5053
3520	5054
3521	5055
3522	5057
3523	5058
3524	5059
3525	5060
3526	5061
3527	5062
3528	5063
3529	5067
3530	5069
3531	5070
3532	5072
3533	5073
3534	5074
3535	5075
3536	5077
3537	5078
3538	5079
3539	5080
3540	5083
3541	5084
3542	5086
3543	5087
3544	5090
3545	5092
3546	5097
3547	5098
3548	5099
3549	5102
3550	5103
3551	5104
3552	5105
3553	5108
3554	5109
3555	5110
3556	5111
3557	5113
3558	5114
3559	5115
3560	5117
3561	5118
3562	5120
3563	5121
3564	5122
3565	5123
3566	5124
3567	5126
3568	5127
3569	5128
3570	5129
3571	5131
3572	5132
3573	5137
3574	5138
3575	5139
3576	5140
3577	5145
3578	5147
3579	5148
3580	5149
3581	5150
3582	5152
3583	5153
3584	5154
3585	5156
3586	5157
3587	5158
3588	5159
3589	5160
3590	5161
3591	5162
3592	5164
3593	5165
3594	5167
3595	5168
3596	5169
3597	5170
3598	5171
3599	5172
3600	5173
3601	5174
3602	5175
3603	5176
3604	5177
3605	5179
3606	5180
3607	5183
3608	5184
3609	5185
3610	5187
3611	5188
3612	5189
3613	5190
3614	5191
3615	5192
3616	5193
3617	5194
3618	5197
3619	5200
3620	5201
3621	5202
3622	5203
3623	5204
3624	5205
3625	5206
3626	5208
3627	5209
3628	5211
3629	5212
3630	5213
3631	5214
3632	5215
3633	5216
3634	5217
3635	5219
3636	5221
3637	5222
3638	5223
3639	5225
3640	5226
3641	5227
3642	5228
3643	5229
3644	5230
3645	5231
3646	5232
3647	5233
3648	5234
3649	5235
3650	5236
3651	5238
3652	5240
3653	5241
3654	5242
3655	5244
3656	5246
3657	5248
3658	5249
3659	5250
3660	5252
3661	5254
3662	5256
3663	5257
3664	5259
3665	5260
3666	5261
3667	5265
3668	5266
3669	5267
3670	5268
3671	5269
3672	5270
3673	5271
3674	5272
3675	5277
3676	5280
3677	5281
3678	5282
3679	5284
3680	5285
3681	5287
3682	5288
3683	5289
3684	5290
3685	5291
3686	5292
3687	5293
3688	5295
3689	5296
3690	5297
3691	5298
3692	5299
3693	5300
3694	5301
3695	5302
3696	5303
3697	5304
3698	5305
3699	5308
3700	5309
3701	5310
3702	5311
3703	5313
3704	5314
3705	5315
3706	5316
3707	5317
3708	5318
3709	5320
3710	5321
3711	5322
3712	5323
3713	5324
3714	5325
3715	5326
3716	5327
3717	5328
3718	5329
3719	5331
3720	5332
3721	5334
3722	5335
3723	5336
3724	5337
3725	5338
3726	5339
3727	5340
3728	5343
3729	5344
3730	5347
3731	5348
3732	5349
3733	5350
3734	5351
3735	5352
3736	5353
3737	5354
3738	5355
3739	5359
3740	5361
3741	5364
3742	5365
3743	5367
3744	5368
3745	5369
3746	5370
3747	5371
3748	5372
3749	5374
3750	5375
3751	5376
3752	5377
3753	5383
3754	5385
3755	5386
3756	5387
3757	5388
3758	5390
3759	5391
3760	5393
3761	5395
3762	5396
3763	5397
3764	5398
3765	5400
3766	5403
3767	5404
3768	5405
3769	5406
3770	5408
3771	5410
3772	5411
3773	5413
3774	5414
3775	5415
3776	5416
3777	5417
3778	5418
3779	5419
3780	5420
3781	5421
3782	5423
3783	5424
3784	5425
3785	5426
3786	5427
3787	5428
3788	5430
3789	5433
3790	5435
3791	5437
3792	5438
3793	5439
3794	5440
3795	5441
3796	5445
3797	5447
3798	5450
3799	5451
3800	5455
3801	5456
3802	5457
3803	5458
3804	5459
3805	5461
3806	5462
3807	5463
3808	5464
3809	5467
3810	5468
3811	5469
3812	5471
3813	5472
3814	5473
3815	5478
3816	5479
3817	5482
3818	5483
3819	5484
3820	5488
3821	5492
3822	5493
3823	5494
3824	5495
3825	5496
3826	5497
3827	5500
3828	5501
3829	5502
3830	5504
3831	5505
3832	5506
3833	5507
3834	5508
3835	5510
3836	5513
3837	5514
3838	5515
3839	5516
3840	5519
3841	5520
3842	5521
3843	5523
3844	5527
3845	5528
3846	5530
3847	5532
3848	5533
3849	5534
3850	5535
3851	5536
3852	5537
3853	5538
3854	5539
3855	5540
3856	5541
3857	5542
3858	5543
3859	5544
3860	5545
3861	5547
3862	5549
3863	5550
3864	5551
3865	5554
3866	5555
3867	5556
3868	5557
3869	5558
3870	5559
3871	5563
3872	5564
3873	5566
3874	5567
3875	5568
3876	5570
3877	5571
3878	5572
3879	5573
3880	5575
3881	5576
3882	5577
3883	5580
3884	5581
3885	5584
3886	5586
3887	5589
3888	5590
3889	5591
3890	5592
3891	5593
3892	5594
3893	5595
3894	5596
3895	5597
3896	5598
3897	5599
3898	5601
3899	5602
3900	5603
3901	5604
3902	5605
3903	5607
3904	5608
3905	5611
3906	5612
3907	5613
3908	5614
3909	5616
3910	5617
3911	5618
3912	5619
3913	5620
3914	5622
3915	5623
3916	5625
3917	5627
3918	5628
3919	5630
3920	5631
3921	5632
3922	5634
3923	5637
3924	5639
3925	5644
3926	5651
3927	5653
3928	5654
3929	5656
3930	5660
3931	5662
3932	5663
3933	5664
3934	5665
3935	5666
3936	5667
3937	5668
3938	5669
3939	5670
3940	5672
3941	5674
3942	5675
3943	5680
3944	5682
3945	5684
3946	5686
3947	5687
3948	5688
3949	5689
3950	5690
3951	5691
3952	5693
3953	5695
3954	5696
3955	5697
3956	5698
3957	5699
3958	5700
3959	5702
3960	5703
3961	5704
3962	5705
3963	5707
3964	5708
3965	5710
3966	5711
3967	5712
3968	5713
3969	5715
3970	5716
3971	5718
3972	5719
3973	5720
3974	5722
3975	5723
3976	5724
3977	5725
3978	5728
3979	5729
3980	5730
3981	5731
3982	5732
3983	5733
3984	5735
3985	5736
3986	5737
3987	5738
3988	5739
3989	5740
3990	5741
3991	5742
3992	5743
3993	5744
3994	5747
3995	5749
3996	5751
3997	5752
3998	5753
3999	5754
4000	5755
4001	5759
4002	5760
4003	5762
4004	5766
4005	5767
4006	5769
4007	5771
4008	5772
4009	5773
4010	5774
4011	5775
4012	5776
4013	5777
4014	5778
4015	5779
4016	5780
4017	5782
4018	5783
4019	5785
4020	5786
4021	5787
4022	5789
4023	5790
4024	5791
4025	5793
4026	5794
4027	5795
4028	5796
4029	5797
4030	5800
4031	5801
4032	5802
4033	5803
4034	5804
4035	5805
4036	5807
4037	5808
4038	5810
4039	5812
4040	5816
4041	5817
4042	5819
4043	5820
4044	5821
4045	5822
4046	5823
4047	5827
4048	5828
4049	5829
4050	5830
4051	5834
4052	5835
4053	5836
4054	5837
4055	5838
4056	5840
4057	5842
4058	5843
4059	5844
4060	5845
4061	5846
4062	5847
4063	5848
4064	5849
4065	5851
4066	5853
4067	5854
4068	5855
4069	5856
4070	5857
4071	5858
4072	5859
4073	5860
4074	5861
4075	5862
4076	5864
4077	5865
4078	5866
4079	5867
4080	5869
4081	5870
4082	5872
4083	5873
4084	5874
4085	5875
4086	5876
4087	5880
4088	5882
4089	5886
4090	5887
4091	5888
4092	5890
4093	5891
4094	5892
4095	5893
4096	5894
4097	5895
4098	5898
4099	5899
4100	5900
4101	5901
4102	5902
4103	5904
4104	5905
4105	5906
4106	5908
4107	5909
4108	5910
4109	5911
4110	5912
4111	5913
4112	5916
4113	5918
4114	5919
4115	5922
4116	5923
4117	5924
4118	5926
4119	5927
4120	5928
4121	5929
4122	5930
4123	5931
4124	5932
4125	5934
4126	5936
4127	5937
4128	5938
4129	5939
4130	5940
4131	5941
4132	5942
4133	5944
4134	5945
4135	5946
4136	5947
4137	5948
4138	5949
4139	5950
4140	5952
4141	5954
4142	5956
4143	5958
4144	5959
4145	5960
4146	5962
4147	5963
4148	5965
4149	5966
4150	5967
4151	5968
4152	5970
4153	5971
4154	5973
4155	5974
4156	5975
4157	5976
4158	5977
4159	5978
4160	5979
4161	5981
4162	5982
4163	5984
4164	5985
4165	5986
4166	5987
4167	5988
4168	5991
4169	5992
4170	5993
4171	5994
4172	5995
4173	5996
4174	5997
4175	5998
4176	6001
4177	6002
4178	6003
4179	6004
4180	6005
4181	6006
4182	6007
4183	6011
4184	6012
4185	6014
4186	6016
4187	6018
4188	6019
4189	6021
4190	6022
4191	6023
4192	6026
4193	6027
4194	6028
4195	6029
4196	6030
4197	6031
4198	6033
4199	6034
4200	6035
4201	6036
4202	6038
4203	6039
4204	6041
4205	6043
4206	6044
4207	6046
4208	6047
4209	6049
4210	6050
4211	6052
4212	6053
4213	6054
4214	6055
4215	6056
4216	6057
4217	6058
4218	6059
4219	6060
4220	6061
4221	6062
4222	6063
4223	6064
4224	6065
4225	6067
4226	6068
4227	6069
4228	6073
4229	6074
4230	6076
4231	6078
4232	6079
4233	6080
4234	6081
4235	6082
4236	6083
4237	6084
4238	6085
4239	6087
4240	6088
4241	6089
4242	6091
4243	6092
4244	6093
4245	6094
4246	6095
4247	6096
4248	6097
4249	6099
4250	6102
4251	6104
4252	6105
4253	6106
4254	6107
4255	6109
4256	6110
4257	6111
4258	6112
4259	6116
4260	6117
4261	6119
4262	6120
4263	6121
4264	6122
4265	6123
4266	6124
4267	6126
4268	6127
4269	6128
4270	6129
4271	6130
4272	6131
4273	6133
4274	6136
4275	6137
4276	6139
4277	6140
4278	6141
4279	6142
4280	6144
4281	6145
4282	6146
4283	6147
4284	6148
4285	6150
4286	6151
4287	6152
4288	6153
4289	6154
4290	6155
4291	6156
4292	6157
4293	6159
4294	6160
4295	6161
4296	6162
4297	6163
4298	6164
4299	6165
4300	6166
4301	6167
4302	6168
4303	6169
4304	6170
4305	6172
4306	6173
4307	6175
4308	6176
4309	6177
4310	6178
4311	6179
4312	6182
4313	6183
4314	6186
4315	6187
4316	6189
4317	6191
4318	6192
4319	6194
4320	6200
4321	6202
4322	6203
4323	6204
4324	6207
4325	6208
4326	6210
4327	6211
4328	6212
4329	6214
4330	6215
4331	6216
4332	6217
4333	6218
4334	6219
4335	6220
4336	6221
4337	6222
4338	6223
4339	6224
4340	6226
4341	6227
4342	6228
4343	6231
4344	6232
4345	6233
4346	6234
4347	6236
4348	6237
4349	6238
4350	6240
4351	6241
4352	6242
4353	6243
4354	6245
4355	6247
4356	6250
4357	6251
4358	6253
4359	6254
4360	6255
4361	6256
4362	6257
4363	6258
4364	6260
4365	6261
4366	6262
4367	6263
4368	6265
4369	6266
4370	6267
4371	6269
4372	6270
4373	6271
4374	6272
4375	6273
4376	6275
4377	6276
4378	6277
4379	6278
4380	6281
4381	6283
4382	6284
4383	6285
4384	6286
4385	6289
4386	6290
4387	6293
4388	6294
4389	6297
4390	6298
4391	6299
4392	6300
4393	6301
4394	6302
4395	6303
4396	6306
4397	6308
4398	6310
4399	6311
4400	6312
4401	6313
4402	6314
4403	6318
4404	6319
4405	6320
4406	6321
4407	6323
4408	6324
4409	6325
4410	6326
4411	6328
4412	6330
4413	6331
4414	6332
4415	6333
4416	6334
4417	6335
4418	6336
4419	6337
4420	6338
4421	6339
4422	6340
4423	6341
4424	6342
4425	6343
4426	6345
4427	6347
4428	6348
4429	6349
4430	6350
4431	6353
4432	6354
4433	6355
4434	6357
4435	6360
4436	6362
4437	6363
4438	6364
4439	6365
4440	6370
4441	6371
4442	6374
4443	6375
4444	6378
4445	6381
4446	6382
4447	6383
4448	6384
4449	6385
4450	6387
4451	6389
4452	6390
4453	6393
4454	6397
4455	6399
4456	6400
4457	6401
4458	6402
4459	6403
4460	6404
4461	6408
4462	6409
4463	6410
4464	6411
4465	6413
4466	6414
4467	6415
4468	6417
4469	6420
4470	6421
4471	6423
4472	6424
4473	6426
4474	6427
4475	6428
4476	6429
4477	6431
4478	6433
4479	6436
4480	6437
4481	6438
4482	6439
4483	6441
4484	6442
4485	6443
4486	6446
4487	6450
4488	6452
4489	6453
4490	6454
4491	6455
4492	6456
4493	6457
4494	6458
4495	6460
4496	6461
4497	6462
4498	6464
4499	6465
4500	6466
4501	6467
4502	6468
4503	6469
4504	6470
4505	6471
4506	6472
4507	6473
4508	6477
4509	6478
4510	6481
4511	6482
4512	6483
4513	6484
4514	6485
4515	6486
4516	6487
4517	6488
4518	6489
4519	6490
4520	6491
4521	6492
4522	6493
4523	6494
4524	6495
4525	6496
4526	6497
4527	6498
4528	6499
4529	6502
4530	6503
4531	6504
4532	6506
4533	6507
4534	6508
4535	6509
4536	6511
4537	6513
4538	6514
4539	6516
4540	6517
4541	6518
4542	6524
4543	6526
4544	6527
4545	6528
4546	6529
4547	6530
4548	6532
4549	6534
4550	6535
4551	6536
4552	6537
4553	6540
4554	6542
4555	6544
4556	6546
4557	6547
4558	6549
4559	6550
4560	6552
4561	6554
4562	6555
4563	6556
4564	6557
4565	6558
4566	6559
4567	6560
4568	6561
4569	6562
4570	6564
4571	6566
4572	6570
4573	6571
4574	6572
4575	6577
4576	6578
4577	6583
4578	6584
4579	6585
4580	6587
4581	6588
4582	6592
4583	6593
4584	6595
4585	6599
4586	6600
4587	6601
4588	6602
4589	6603
4590	6604
4591	6605
4592	6606
4593	6609
4594	6610
4595	6611
4596	6612
4597	6613
4598	6614
4599	6615
4600	6616
4601	6617
4602	6618
4603	6619
4604	6620
4605	6621
4606	6622
4607	6623
4608	6624
4609	6625
4610	6627
4611	6628
4612	6630
4613	6631
4614	6633
4615	6634
4616	6635
4617	6636
4618	6637
4619	6638
4620	6639
4621	6640
4622	6641
4623	6642
4624	6643
4625	6644
4626	6647
4627	6648
4628	6649
4629	6650
4630	6651
4631	6652
4632	6654
4633	6655
4634	6656
4635	6657
4636	6659
4637	6660
4638	6661
4639	6662
4640	6663
4641	6664
4642	6665
4643	6667
4644	6669
4645	6672
4646	6673
4647	6675
4648	6676
4649	6677
4650	6678
4651	6679
4652	6680
4653	6681
4654	6683
4655	6685
4656	6686
4657	6687
4658	6688
4659	6690
4660	6691
4661	6692
4662	6693
4663	6694
4664	6695
4665	6699
4666	6700
4667	6701
4668	6702
4669	6704
4670	6705
4671	6707
4672	6708
4673	6710
4674	6711
4675	6712
4676	6713
4677	6714
4678	6715
4679	6716
4680	6717
4681	6718
4682	6719
4683	6720
4684	6721
4685	6722
4686	6728
4687	6729
4688	6730
4689	6732
4690	6735
4691	6736
4692	6738
4693	6740
4694	6742
4695	6743
4696	6744
4697	6745
4698	6746
4699	6747
4700	6748
4701	6749
4702	6751
4703	6752
4704	6754
4705	6755
4706	6756
4707	6757
4708	6759
4709	6760
4710	6763
4711	6764
4712	6765
4713	6766
4714	6767
4715	6768
4716	6769
4717	6770
4718	6771
4719	6774
4720	6776
4721	6778
4722	6779
4723	6782
4724	6784
4725	6785
4726	6786
4727	6788
4728	6789
4729	6791
4730	6792
4731	6793
4732	6794
4733	6796
4734	6797
4735	6800
4736	6801
4737	6802
4738	6804
4739	6807
4740	6808
4741	6810
4742	6811
4743	6812
4744	6813
4745	6814
4746	6815
4747	6816
4748	6817
4749	6818
4750	6821
4751	6822
4752	6823
4753	6824
4754	6826
4755	6827
4756	6828
4757	6829
4758	6832
4759	6834
4760	6835
4761	6836
4762	6837
4763	6838
4764	6839
4765	6841
4766	6843
4767	6846
4768	6847
4769	6848
4770	6849
4771	6850
4772	6851
4773	6853
4774	6857
4775	6858
4776	6859
4777	6860
4778	6861
4779	6862
4780	6863
4781	6865
4782	6866
4783	6867
4784	6869
4785	6870
4786	6871
4787	6872
4788	6873
4789	6874
4790	6875
4791	6876
4792	6877
4793	6879
4794	6881
4795	6882
4796	6883
4797	6884
4798	6886
4799	6887
4800	6888
4801	6890
4802	6891
4803	6892
4804	6895
4805	6897
4806	6898
4807	6900
4808	6901
4809	6903
4810	6904
4811	6906
4812	6907
4813	6909
4814	6910
4815	6911
4816	6914
4817	6915
4818	6919
4819	6921
4820	6922
4821	6924
4822	6925
4823	6926
4824	6927
4825	6928
4826	6929
4827	6931
4828	6932
4829	6933
4830	6934
4831	6936
4832	6941
4833	6942
4834	6944
4835	6948
4836	6949
4837	6950
4838	6951
4839	6954
4840	6956
4841	6957
4842	6958
4843	6959
4844	6961
4845	6962
4846	6963
4847	6964
4848	6965
4849	6966
4850	6968
4851	6969
4852	6970
4853	6971
4854	6972
4855	6973
4856	6974
4857	6975
4858	6977
4859	6978
4860	6979
4861	6981
4862	6983
4863	6984
4864	6986
4865	6988
4866	6989
4867	6990
4868	6991
4869	6992
4870	6993
4871	6997
4872	6998
4873	7001
4874	7003
4875	7004
4876	7007
4877	7008
4878	7009
4879	7012
4880	7014
4881	7015
4882	7016
4883	7017
4884	7019
4885	7021
4886	7022
4887	7024
4888	7025
4889	7026
4890	7027
4891	7028
4892	7030
4893	7031
4894	7033
4895	7034
4896	7037
4897	7038
4898	7039
4899	7040
4900	7041
4901	7044
4902	7045
4903	7047
4904	7048
4905	7050
4906	7051
4907	7052
4908	7053
4909	7054
4910	7055
4911	7056
4912	7057
4913	7061
4914	7063
4915	7064
4916	7065
4917	7066
4918	7068
4919	7069
4920	7070
4921	7071
4922	7072
4923	7073
4924	7074
4925	7075
4926	7076
4927	7079
4928	7080
4929	7085
4930	7086
4931	7087
4932	7088
4933	7089
4934	7090
4935	7091
4936	7092
4937	7093
4938	7095
4939	7099
4940	7100
4941	7101
4942	7102
4943	7103
4944	7104
4945	7105
4946	7107
4947	7108
4948	7110
4949	7111
4950	7112
4951	7113
4952	7114
4953	7115
4954	7116
4955	7120
4956	7121
4957	7122
4958	7124
4959	7125
4960	7128
4961	7129
4962	7130
4963	7131
4964	7132
4965	7133
4966	7134
4967	7135
4968	7136
4969	7137
4970	7138
4971	7139
4972	7140
4973	7141
4974	7142
4975	7144
4976	7145
4977	7147
4978	7148
4979	7149
4980	7150
4981	7153
4982	7154
4983	7158
4984	7159
4985	7161
4986	7162
4987	7164
4988	7166
4989	7173
4990	7174
4991	7175
4992	7176
4993	7177
4994	7178
4995	7179
4996	7180
4997	7181
4998	7182
4999	7183
5000	7184
5001	7185
5002	7186
5003	7187
5004	7188
5005	7189
5006	7190
5007	7191
5008	7193
5009	7194
5010	7195
5011	7197
5012	7199
5013	7200
5014	7201
5015	7202
5016	7203
5017	7204
5018	7208
5019	7209
5020	7211
5021	7212
5022	7213
5023	7214
5024	7215
5025	7217
5026	7220
5027	7221
5028	7223
5029	7224
5030	7226
5031	7227
5032	7229
5033	7231
5034	7232
5035	7233
5036	7234
5037	7237
5038	7238
5039	7239
5040	7240
5041	7242
5042	7244
5043	7245
5044	7246
5045	7247
5046	7248
5047	7249
5048	7250
5049	7251
5050	7252
5051	7256
5052	7257
5053	7258
5054	7260
5055	7261
5056	7262
5057	7263
5058	7265
5059	7266
5060	7267
5061	7268
5062	7269
5063	7270
5064	7271
5065	7272
5066	7273
5067	7274
5068	7275
5069	7276
5070	7278
5071	7280
5072	7281
5073	7283
5074	7284
5075	7285
5076	7286
5077	7287
5078	7288
5079	7289
5080	7290
5081	7291
5082	7292
5083	7294
5084	7295
5085	7298
5086	7299
5087	7300
5088	7301
5089	7302
5090	7304
5091	7305
5092	7307
5093	7310
5094	7313
5095	7315
5096	7316
5097	7318
5098	7319
5099	7320
5100	7321
5101	7322
5102	7323
5103	7324
5104	7325
5105	7327
5106	7329
5107	7330
5108	7331
5109	7333
5110	7334
5111	7335
5112	7337
5113	7338
5114	7339
5115	7341
5116	7342
5117	7344
5118	7345
5119	7346
5120	7347
5121	7348
5122	7349
5123	7352
5124	7353
5125	7354
5126	7355
5127	7357
5128	7358
5129	7360
5130	7365
5131	7366
5132	7367
5133	7368
5134	7370
5135	7374
5136	7375
5137	7376
5138	7377
5139	7378
5140	7379
5141	7380
5142	7381
5143	7383
5144	7384
5145	7385
5146	7386
5147	7387
5148	7388
5149	7389
5150	7390
5151	7391
5152	7396
5153	7397
5154	7398
5155	7399
5156	7400
5157	7403
5158	7404
5159	7407
5160	7408
5161	7412
5162	7414
5163	7415
5164	7416
5165	7417
5166	7418
5167	7420
5168	7421
5169	7422
5170	7425
5171	7426
5172	7428
5173	7429
5174	7433
5175	7436
5176	7437
5177	7438
5178	7442
5179	7443
5180	7446
5181	7448
5182	7449
5183	7450
5184	7452
5185	7453
5186	7454
5187	7455
5188	7456
5189	7457
5190	7458
5191	7459
5192	7460
5193	7461
5194	7462
5195	7464
5196	7465
5197	7466
5198	7467
5199	7468
5200	7469
5201	7470
5202	7471
5203	7472
5204	7473
5205	7474
5206	7475
5207	7476
5208	7477
5209	7478
5210	7479
5211	7480
5212	7481
5213	7482
5214	7484
5215	7485
5216	7488
5217	7489
5218	7490
5219	7491
5220	7495
5221	7496
5222	7497
5223	7498
5224	7499
5225	7500
5226	7502
5227	7503
5228	7504
5229	7505
5230	7506
5231	7507
5232	7509
5233	7510
5234	7511
5235	7512
5236	7514
5237	7515
5238	7516
5239	7517
5240	7520
5241	7524
5242	7525
5243	7527
5244	7529
5245	7531
5246	7532
5247	7533
5248	7534
5249	7535
5250	7536
5251	7539
5252	7541
5253	7542
5254	7543
5255	7544
5256	7545
5257	7546
5258	7547
5259	7550
5260	7551
5261	7552
5262	7553
5263	7554
5264	7555
5265	7556
5266	7557
5267	7558
5268	7559
5269	7562
5270	7563
5271	7565
5272	7566
5273	7568
5274	7569
5275	7571
5276	7573
5277	7574
5278	7575
5279	7576
5280	7578
5281	7580
5282	7582
5283	7583
5284	7585
5285	7586
5286	7589
5287	7590
5288	7591
5289	7595
5290	7596
5291	7597
5292	7599
5293	7600
5294	7601
5295	7602
5296	7605
5297	7606
5298	7610
5299	7612
5300	7614
5301	7616
5302	7619
5303	7620
5304	7621
5305	7622
5306	7625
5307	7626
5308	7627
5309	7628
5310	7629
5311	7630
5312	7631
5313	7632
5314	7634
5315	7635
5316	7636
5317	7637
5318	7638
5319	7639
5320	7640
5321	7641
5322	7642
5323	7643
5324	7644
5325	7645
5326	7647
5327	7648
5328	7649
5329	7651
5330	7652
5331	7653
5332	7654
5333	7656
5334	7658
5335	7660
5336	7662
5337	7664
5338	7665
5339	7667
5340	7668
5341	7670
5342	7671
5343	7672
5344	7674
5345	7675
5346	7676
5347	7677
5348	7678
5349	7680
5350	7682
5351	7683
5352	7686
5353	7687
5354	7688
5355	7689
5356	7690
5357	7691
5358	7693
5359	7694
5360	7695
5361	7696
5362	7697
5363	7700
5364	7701
5365	7702
5366	7703
5367	7704
5368	7705
5369	7706
5370	7708
5371	7710
5372	7711
5373	7712
5374	7714
5375	7715
5376	7716
5377	7718
5378	7719
5379	7720
5380	7721
5381	7722
5382	7723
5383	7724
5384	7725
5385	7726
5386	7727
5387	7728
5388	7729
5389	7731
5390	7732
5391	7735
5392	7736
5393	7737
5394	7738
5395	7740
5396	7741
5397	7744
5398	7745
5399	7747
5400	7749
5401	7751
5402	7752
5403	7754
5404	7755
5405	7757
5406	7758
5407	7759
5408	7760
5409	7761
5410	7763
5411	7764
5412	7765
5413	7767
5414	7768
5415	7769
5416	7771
5417	7772
5418	7773
5419	7774
5420	7775
5421	7776
5422	7780
5423	7781
5424	7782
5425	7783
5426	7784
5427	7785
5428	7786
5429	7787
5430	7788
5431	7789
5432	7790
5433	7791
5434	7793
5435	7794
5436	7796
5437	7799
5438	7800
5439	7801
5440	7803
5441	7804
5442	7805
5443	7806
5444	7807
5445	7808
5446	7809
5447	7810
5448	7811
5449	7812
5450	7813
5451	7814
5452	7816
5453	7817
5454	7818
5455	7819
5456	7820
5457	7821
5458	7822
5459	7824
5460	7825
5461	7826
5462	7827
5463	7829
5464	7831
5465	7832
5466	7833
5467	7834
5468	7835
5469	7837
5470	7838
5471	7840
5472	7841
5473	7843
5474	7844
5475	7846
5476	7848
5477	7849
5478	7851
5479	7853
5480	7854
5481	7855
5482	7856
5483	7858
5484	7862
5485	7864
5486	7865
5487	7866
5488	7867
5489	7868
5490	7870
5491	7871
5492	7873
5493	7874
5494	7876
5495	7877
5496	7880
5497	7881
5498	7882
5499	7883
5500	7885
5501	7886
5502	7888
5503	7892
5504	7893
5505	7895
5506	7896
5507	7897
5508	7898
5509	7899
5510	7900
5511	7901
5512	7902
5513	7907
5514	7908
5515	7909
5516	7911
5517	7912
5518	7915
5519	7916
5520	7919
5521	7922
5522	7923
5523	7924
5524	7925
5525	7927
5526	7928
5527	7929
5528	7930
5529	7932
5530	7933
5531	7934
5532	7935
5533	7936
5534	7937
5535	7938
5536	7941
5537	7942
5538	7944
5539	7946
5540	7948
5541	7950
5542	7951
5543	7952
5544	7953
5545	7954
5546	7955
5547	7956
5548	7959
5549	7965
5550	7966
5551	7967
5552	7970
5553	7971
5554	7972
5555	7973
5556	7975
5557	7976
5558	7977
5559	7979
5560	7980
5561	7981
5562	7982
5563	7983
5564	7986
5565	7987
5566	7988
5567	7991
5568	7992
5569	7993
5570	7994
5571	7995
5572	7998
5573	8001
5574	8002
5575	8003
5576	8004
5577	8005
5578	8006
5579	8007
5580	8010
5581	8012
5582	8014
5583	8016
5584	8018
5585	8020
5586	8021
5587	8022
5588	8023
5589	8024
5590	8025
5591	8026
5592	8027
5593	8028
5594	8030
5595	8035
5596	8036
5597	8038
5598	8040
5599	8041
5600	8042
5601	8044
5602	8047
5603	8049
5604	8052
5605	8056
5606	8058
5607	8060
5608	8061
5609	8062
5610	8063
5611	8064
5612	8065
5613	8067
5614	8069
5615	8070
5616	8071
5617	8073
5618	8074
5619	8077
5620	8078
5621	8079
5622	8081
5623	8082
5624	8084
5625	8085
5626	8086
5627	8089
5628	8090
5629	8092
5630	8094
5631	8095
5632	8096
5633	8097
5634	8098
5635	8099
5636	8100
5637	8101
5638	8102
5639	8103
5640	8107
5641	8108
5642	8109
5643	8110
5644	8114
5645	8115
5646	8116
5647	8118
5648	8120
5649	8121
5650	8122
5651	8123
5652	8127
5653	8129
5654	8131
5655	8133
5656	8134
5657	8135
5658	8137
5659	8138
5660	8139
5661	8140
5662	8141
5663	8142
5664	8143
5665	8145
5666	8146
5667	8147
5668	8150
5669	8151
5670	8152
5671	8153
5672	8155
5673	8156
5674	8157
5675	8158
5676	8159
5677	8160
5678	8162
5679	8163
5680	8164
5681	8165
5682	8168
5683	8169
5684	8170
5685	8171
5686	8173
5687	8175
5688	8176
5689	8179
5690	8180
5691	8181
5692	8182
5693	8184
5694	8185
5695	8187
5696	8188
5697	8190
5698	8191
5699	8192
5700	8193
5701	8194
5702	8195
5703	8196
5704	8199
5705	8202
5706	8203
5707	8204
5708	8205
5709	8209
5710	8210
5711	8211
5712	8213
5713	8215
5714	8220
5715	8221
5716	8222
5717	8225
5718	8226
5719	8227
5720	8228
5721	8229
5722	8230
5723	8232
5724	8233
5725	8241
5726	8244
5727	8249
5728	8251
5729	8252
5730	8254
5731	8255
5732	8257
5733	8258
5734	8262
5735	8263
5736	8264
5737	8265
5738	8267
5739	8268
5740	8269
5741	8270
5742	8271
5743	8272
5744	8273
5745	8274
5746	8275
5747	8276
5748	8277
5749	8279
5750	8281
5751	8282
5752	8283
5753	8284
5754	8285
5755	8286
5756	8287
5757	8289
5758	8290
5759	8291
5760	8292
5761	8293
5762	8294
5763	8295
5764	8296
5765	8297
5766	8298
5767	8299
5768	8301
5769	8302
5770	8303
5771	8306
5772	8307
5773	8308
5774	8310
5775	8311
5776	8312
5777	8314
5778	8315
5779	8316
5780	8317
5781	8318
5782	8319
5783	8321
5784	8323
5785	8324
5786	8326
5787	8327
5788	8328
5789	8329
5790	8331
5791	8334
5792	8335
5793	8336
5794	8337
5795	8338
5796	8339
5797	8340
5798	8341
5799	8342
5800	8343
5801	8344
5802	8345
5803	8346
5804	8347
5805	8348
5806	8349
5807	8353
5808	8354
5809	8355
5810	8356
5811	8357
5812	8359
5813	8361
5814	8362
5815	8363
5816	8364
5817	8365
5818	8366
5819	8369
5820	8370
5821	8371
5822	8372
5823	8373
5824	8375
5825	8377
5826	8378
5827	8380
5828	8381
5829	8382
5830	8383
5831	8384
5832	8385
5833	8386
5834	8387
5835	8388
5836	8389
5837	8391
5838	8393
5839	8396
5840	8398
5841	8399
5842	8401
5843	8402
5844	8403
5845	8404
5846	8405
5847	8406
5848	8407
5849	8409
5850	8410
5851	8411
5852	8412
5853	8413
5854	8414
5855	8415
5856	8419
5857	8421
5858	8423
5859	8426
5860	8427
5861	8430
5862	8431
5863	8434
5864	8435
5865	8436
5866	8437
5867	8438
5868	8439
5869	8441
5870	8442
5871	8444
5872	8445
5873	8446
5874	8448
5875	8449
5876	8451
5877	8452
5878	8453
5879	8454
5880	8455
5881	8456
5882	8458
5883	8459
5884	8460
5885	8461
5886	8462
5887	8463
5888	8464
5889	8465
5890	8468
5891	8470
5892	8471
5893	8472
5894	8473
5895	8474
5896	8475
5897	8476
5898	8477
5899	8478
5900	8480
5901	8483
5902	8484
5903	8485
5904	8486
5905	8487
5906	8488
5907	8489
5908	8490
5909	8491
5910	8492
5911	8493
5912	8494
5913	8497
5914	8499
5915	8500
5916	8501
5917	8502
5918	8503
5919	8504
5920	8506
5921	8507
5922	8508
5923	8509
5924	8510
5925	8511
5926	8512
5927	8513
5928	8516
5929	8518
5930	8520
5931	8521
5932	8522
5933	8525
5934	8527
5935	8530
5936	8531
5937	8532
5938	8533
5939	8534
5940	8535
5941	8537
5942	8538
5943	8540
5944	8541
5945	8542
5946	8544
5947	8546
5948	8547
5949	8548
5950	8549
5951	8550
5952	8551
5953	8552
5954	8554
5955	8556
5956	8557
5957	8558
5958	8559
5959	8560
5960	8564
5961	8565
5962	8568
5963	8569
5964	8571
5965	8572
5966	8573
5967	8575
5968	8576
5969	8577
5970	8578
5971	8579
5972	8581
5973	8582
5974	8584
5975	8585
5976	8586
5977	8587
5978	8588
5979	8589
5980	8590
5981	8591
5982	8592
5983	8593
5984	8594
5985	8595
5986	8596
5987	8598
5988	8600
5989	8601
5990	8602
5991	8603
5992	8605
5993	8606
5994	8607
5995	8608
5996	8610
5997	8612
5998	8614
5999	8615
6000	8616
6001	8617
6002	8619
6003	8622
6004	8623
6005	8624
6006	8625
6007	8626
6008	8629
6009	8630
6010	8635
6011	8636
6012	8637
6013	8639
6014	8640
6015	8641
6016	8643
6017	8645
6018	8646
6019	8647
6020	8650
6021	8652
6022	8653
6023	8654
6024	8655
6025	8656
6026	8657
6027	8658
6028	8659
6029	8660
6030	8661
6031	8662
6032	8665
6033	8666
6034	8667
6035	8668
6036	8669
6037	8670
6038	8674
6039	8675
6040	8677
6041	8678
6042	8679
6043	8680
6044	8682
6045	8684
6046	8685
6047	8686
6048	8687
6049	8688
6050	8689
6051	8690
6052	8691
6053	8692
6054	8693
6055	8694
6056	8695
6057	8696
6058	8697
6059	8698
6060	8699
6061	8700
6062	8701
6063	8702
6064	8703
6065	8704
6066	8705
6067	8706
6068	8707
6069	8708
6070	8709
6071	8712
6072	8716
6073	8719
6074	8721
6075	8725
6076	8727
6077	8728
6078	8729
6079	8730
6080	8733
6081	8734
6082	8735
6083	8736
6084	8737
6085	8739
6086	8743
6087	8744
6088	8745
6089	8747
6090	8748
6091	8749
6092	8750
6093	8751
6094	8752
6095	8754
6096	8755
6097	8756
6098	8757
6099	8758
6100	8759
6101	8761
6102	8763
6103	8764
6104	8765
6105	8766
6106	8769
6107	8770
6108	8772
6109	8774
6110	8775
6111	8776
6112	8779
6113	8780
6114	8781
6115	8783
6116	8784
6117	8785
6118	8786
6119	8788
6120	8789
6121	8790
6122	8792
6123	8793
6124	8794
6125	8795
6126	8797
6127	8803
6128	8804
6129	8805
6130	8806
6131	8807
6132	8809
6133	8810
6134	8814
6135	8816
6136	8817
6137	8818
6138	8819
6139	8820
6140	8821
6141	8822
6142	8823
6143	8824
6144	8827
6145	8828
6146	8831
6147	8832
6148	8836
6149	8841
6150	8842
6151	8843
6152	8845
6153	8846
6154	8847
6155	8848
6156	8850
6157	8851
6158	8852
6159	8853
6160	8855
6161	8857
6162	8858
6163	8859
6164	8861
6165	8862
6166	8863
6167	8864
6168	8867
6169	8868
6170	8869
6171	8870
6172	8871
6173	8873
6174	8875
6175	8878
6176	8879
6177	8880
6178	8881
6179	8882
6180	8883
6181	8885
6182	8886
6183	8887
6184	8889
6185	8892
6186	8893
6187	8894
6188	8895
6189	8897
6190	8898
6191	8899
6192	8900
6193	8903
6194	8904
6195	8905
6196	8906
6197	8907
6198	8912
6199	8913
6200	8914
6201	8917
6202	8918
6203	8919
6204	8920
6205	8921
6206	8922
6207	8924
6208	8926
6209	8927
6210	8928
6211	8929
6212	8931
6213	8932
6214	8933
6215	8939
6216	8941
6217	8945
6218	8947
6219	8948
6220	8949
6221	8950
6222	8951
6223	8952
6224	8953
6225	8954
6226	8955
6227	8956
6228	8957
6229	8958
6230	8960
6231	8963
6232	8964
6233	8965
6234	8968
6235	8969
6236	8970
6237	8972
6238	8975
6239	8976
6240	8977
6241	8978
6242	8979
6243	8980
6244	8981
6245	8982
6246	8985
6247	8989
6248	8991
6249	8993
6250	8994
6251	8995
6252	8997
6253	8998
6254	9002
6255	9007
6256	9008
6257	9009
6258	9010
6259	9011
6260	9012
6261	9013
6262	9015
6263	9017
6264	9018
6265	9020
6266	9022
6267	9024
6268	9026
6269	9027
6270	9028
6271	9029
6272	9030
6273	9032
6274	9034
6275	9035
6276	9036
6277	9039
6278	9040
6279	9041
6280	9042
6281	9043
6282	9045
6283	9047
6284	9048
6285	9049
6286	9050
6287	9052
6288	9053
6289	9054
6290	9055
6291	9056
6292	9058
6293	9059
6294	9060
6295	9063
6296	9064
6297	9065
6298	9066
6299	9067
6300	9068
6301	9069
6302	9070
6303	9071
6304	9072
6305	9073
6306	9074
6307	9075
6308	9076
6309	9077
6310	9078
6311	9080
6312	9082
6313	9083
6314	9085
6315	9086
6316	9089
6317	9090
6318	9092
6319	9093
6320	9094
6321	9095
6322	9097
6323	9098
6324	9099
6325	9100
6326	9101
6327	9102
6328	9103
6329	9104
6330	9105
6331	9106
6332	9107
6333	9109
6334	9111
6335	9112
6336	9113
6337	9114
6338	9115
6339	9116
6340	9117
6341	9118
6342	9121
6343	9122
6344	9123
6345	9124
6346	9126
6347	9127
6348	9128
6349	9129
6350	9130
6351	9134
6352	9136
6353	9137
6354	9139
6355	9141
6356	9142
6357	9143
6358	9144
6359	9148
6360	9149
6361	9151
6362	9152
6363	9154
6364	9156
6365	9158
6366	9159
6367	9160
6368	9161
6369	9162
6370	9164
6371	9166
6372	9167
6373	9168
6374	9170
6375	9171
6376	9173
6377	9174
6378	9177
6379	9178
6380	9179
6381	9180
6382	9185
6383	9186
6384	9187
6385	9188
6386	9189
6387	9191
6388	9195
6389	9196
6390	9197
6391	9198
6392	9199
6393	9202
6394	9203
6395	9204
6396	9206
6397	9207
6398	9210
6399	9212
6400	9213
6401	9214
6402	9218
6403	9219
6404	9220
6405	9221
6406	9223
6407	9225
6408	9226
6409	9227
6410	9231
6411	9232
6412	9235
6413	9237
6414	9238
6415	9239
6416	9240
6417	9241
6418	9242
6419	9243
6420	9244
6421	9245
6422	9246
6423	9248
6424	9249
6425	9250
6426	9251
6427	9252
6428	9253
6429	9254
6430	9255
6431	9256
6432	9257
6433	9258
6434	9259
6435	9260
6436	9262
6437	9263
6438	9264
6439	9266
6440	9269
6441	9272
6442	9273
6443	9274
6444	9275
6445	9276
6446	9277
6447	9278
6448	9279
6449	9281
6450	9282
6451	9283
6452	9284
6453	9285
6454	9286
6455	9287
6456	9288
6457	9290
6458	9291
6459	9292
6460	9293
6461	9296
6462	9298
6463	9299
6464	9300
6465	9302
6466	9303
6467	9304
6468	9305
6469	9306
6470	9309
6471	9311
6472	9313
6473	9314
6474	9315
6475	9316
6476	9317
6477	9318
6478	9319
6479	9320
6480	9321
6481	9322
6482	9323
6483	9324
6484	9325
6485	9326
6486	9328
6487	9329
6488	9331
6489	9333
6490	9334
6491	9335
6492	9338
6493	9339
6494	9341
6495	9342
6496	9343
6497	9345
6498	9349
6499	9350
6500	9351
6501	9353
6502	9354
6503	9357
6504	9359
6505	9361
6506	9364
6507	9365
6508	9366
6509	9367
6510	9368
6511	9370
6512	9372
6513	9373
6514	9374
6515	9375
6516	9377
6517	9378
6518	9379
6519	9380
6520	9382
6521	9383
6522	9384
6523	9388
6524	9390
6525	9391
6526	9393
6527	9394
6528	9398
6529	9399
6530	9401
6531	9402
6532	9403
6533	9404
6534	9405
6535	9406
6536	9407
6537	9409
6538	9410
6539	9411
6540	9414
6541	9415
6542	9416
6543	9417
6544	9418
6545	9419
6546	9421
6547	9422
6548	9423
6549	9425
6550	9428
6551	9429
6552	9430
6553	9431
6554	9432
6555	9433
6556	9434
6557	9435
6558	9436
6559	9437
6560	9440
6561	9442
6562	9443
6563	9444
6564	9445
6565	9446
6566	9447
6567	9448
6568	9449
6569	9452
6570	9454
6571	9456
6572	9457
6573	9458
6574	9459
6575	9461
6576	9462
6577	9463
6578	9467
6579	9469
6580	9470
6581	9471
6582	9472
6583	9473
6584	9476
6585	9477
6586	9479
6587	9480
6588	9481
6589	9482
6590	9485
6591	9486
6592	9487
6593	9490
6594	9491
6595	9492
6596	9493
6597	9495
6598	9497
6599	9498
6600	9499
6601	9500
6602	9501
6603	9502
6604	9503
6605	9504
6606	9506
6607	9508
6608	9510
6609	9511
6610	9512
6611	9514
6612	9516
6613	9518
6614	9519
6615	9520
6616	9521
6617	9522
6618	9523
6619	9524
6620	9525
6621	9526
6622	9527
6623	9528
6624	9529
6625	9531
6626	9532
6627	9533
6628	9534
6629	9535
6630	9536
6631	9537
6632	9539
6633	9540
6634	9541
6635	9543
6636	9544
6637	9548
6638	9550
6639	9552
6640	9554
6641	9556
6642	9557
6643	9560
6644	9562
6645	9563
6646	9564
6647	9565
6648	9566
6649	9567
6650	9568
6651	9569
6652	9572
6653	9574
6654	9575
6655	9577
6656	9579
6657	9580
6658	9581
6659	9582
6660	9583
6661	9584
6662	9585
6663	9588
6664	9589
6665	9591
6666	9592
6667	9593
6668	9594
6669	9596
6670	9597
6671	9598
6672	9600
6673	9601
6674	9602
6675	9604
6676	9605
6677	9607
6678	9608
6679	9609
6680	9611
6681	9612
6682	9613
6683	9618
6684	9619
6685	9620
6686	9621
6687	9622
6688	9624
6689	9625
6690	9628
6691	9629
6692	9631
6693	9632
6694	9634
6695	9637
6696	9638
6697	9641
6698	9642
6699	9643
6700	9645
6701	9646
6702	9647
6703	9648
6704	9654
6705	9656
6706	9657
6707	9659
6708	9660
6709	9662
6710	9664
6711	9665
6712	9668
6713	9669
6714	9670
6715	9672
6716	9676
6717	9678
6718	9679
6719	9680
6720	9682
6721	9685
6722	9686
6723	9687
6724	9689
6725	9694
6726	9695
6727	9696
6728	9697
6729	9699
6730	9700
6731	9702
6732	9703
6733	9704
6734	9706
6735	9708
6736	9709
6737	9711
6738	9712
6739	9714
6740	9716
6741	9718
6742	9719
6743	9720
6744	9721
6745	9722
6746	9723
6747	9724
6748	9726
6749	9729
6750	9731
6751	9736
6752	9737
6753	9742
6754	9743
6755	9745
6756	9747
6757	9749
6758	9750
6759	9751
6760	9754
6761	9756
6762	9757
6763	9758
6764	9759
6765	9760
6766	9762
6767	9763
6768	9765
6769	9766
6770	9767
6771	9768
6772	9769
6773	9771
6774	9772
6775	9778
6776	9779
6777	9780
6778	9781
6779	9782
6780	9785
6781	9789
6782	9790
6783	9791
6784	9792
6785	9793
6786	9794
6787	9795
6788	9796
6789	9798
6790	9800
6791	9802
6792	9803
6793	9804
6794	9805
6795	9806
6796	9807
6797	9808
6798	9809
6799	9810
6800	9812
6801	9813
6802	9814
6803	9815
6804	9817
6805	9818
6806	9819
6807	9821
6808	9822
6809	9823
6810	9825
6811	9826
6812	9827
6813	9829
6814	9833
6815	9834
6816	9835
6817	9836
6818	9837
6819	9838
6820	9842
6821	9843
6822	9844
6823	9845
6824	9847
6825	9848
6826	9849
6827	9850
6828	9852
6829	9853
6830	9857
6831	9858
6832	9859
6833	9861
6834	9862
6835	9864
6836	9865
6837	9867
6838	9868
6839	9869
6840	9870
6841	9871
6842	9872
6843	9873
6844	9875
6845	9876
6846	9878
6847	9879
6848	9880
6849	9882
6850	9883
6851	9884
6852	9888
6853	9891
6854	9892
6855	9893
6856	9894
6857	9895
6858	9896
6859	9897
6860	9898
6861	9899
6862	9901
6863	9902
6864	9904
6865	9905
6866	9906
6867	9907
6868	9908
6869	9909
6870	9910
6871	9912
6872	9915
6873	9916
6874	9919
6875	9921
6876	9923
6877	9924
6878	9926
6879	9929
6880	9930
6881	9931
6882	9932
6883	9933
6884	9934
6885	9935
6886	9936
6887	9937
6888	9938
6889	9941
6890	9942
6891	9944
6892	9945
6893	9946
6894	9949
6895	9950
6896	9951
6897	9953
6898	9954
6899	9955
6900	9957
6901	9958
6902	9959
6903	9960
6904	9961
6905	9962
6906	9963
6907	9964
6908	9965
6909	9967
6910	9968
6911	9969
6912	9974
6913	9977
6914	9978
6915	9980
6916	9985
6917	9986
6918	9989
6919	9990
6920	9991
6921	9993
6922	9994
6923	9995
6924	9996
6925	9999
6926	10000
6927	10002
6928	10003
6929	10004
6930	10005
6931	10006
6932	10007
6933	10012
6934	10013
6935	10014
6936	10016
6937	10017
6938	10018
6939	10019
6940	10020
6941	10026
6942	10027
6943	10028
6944	10030
6945	10031
6946	10032
6947	10034
6948	10038
6949	10040
6950	10041
6951	10042
6952	10043
6953	10044
6954	10045
6955	10046
6956	10048
6957	10050
6958	10051
6959	10053
6960	10055
6961	10057
6962	10060
6963	10062
6964	10063
6965	10066
6966	10067
6967	10068
6968	10070
6969	10071
6970	10072
6971	10073
6972	10074
6973	10075
6974	10076
6975	10077
6976	10078
6977	10079
6978	10080
6979	10084
6980	10085
6981	10088
6982	10089
6983	10090
6984	10091
6985	10092
6986	10095
6987	10096
6988	10098
6989	10099
6990	10100
6991	10101
6992	10102
6993	10104
6994	10105
6995	10109
6996	10110
6997	10111
6998	10112
6999	10113
7000	10115
7001	10116
7002	10118
7003	10121
7004	10122
7005	10124
7006	10127
7007	10128
7008	10129
7009	10130
7010	10132
7011	10135
7012	10138
7013	10139
7014	10140
7015	10142
7016	10145
7017	10146
7018	10147
7019	10148
7020	10149
7021	10150
7022	10152
7023	10154
7024	10155
7025	10156
7026	10157
7027	10159
7028	10162
7029	10163
7030	10165
7031	10166
7032	10167
7033	10168
7034	10169
7035	10171
7036	10172
7037	10174
7038	10175
7039	10176
7040	10178
7041	10179
7042	10181
7043	10183
7044	10186
7045	10187
7046	10190
7047	10193
7048	10194
7049	10195
7050	10196
7051	10198
7052	10199
7053	10201
7054	10203
7055	10204
7056	10205
7057	10207
7058	10208
7059	10209
7060	10210
7061	10211
7062	10212
7063	10213
7064	10214
7065	10216
7066	10217
7067	10218
7068	10220
7069	10223
7070	10224
7071	10225
7072	10226
7073	10228
7074	10229
7075	10230
7076	10231
7077	10232
7078	10233
7079	10234
7080	10236
7081	10237
7082	10238
7083	10239
7084	10241
7085	10243
7086	10245
7087	10246
7088	10247
7089	10248
7090	10250
7091	10251
7092	10252
7093	10253
7094	10254
7095	10255
7096	10256
7097	10257
7098	10258
7099	10259
7100	10261
7101	10262
7102	10264
7103	10266
7104	10269
7105	10271
7106	10272
7107	10277
7108	10279
7109	10280
7110	10281
7111	10283
7112	10284
7113	10287
7114	10288
7115	10289
7116	10290
7117	10291
7118	10292
7119	10294
7120	10295
7121	10296
7122	10297
7123	10298
7124	10299
7125	10300
7126	10302
7127	10303
7128	10304
7129	10305
7130	10306
7131	10307
7132	10308
7133	10309
7134	10315
7135	10316
7136	10318
7137	10319
7138	10320
7139	10321
7140	10322
7141	10324
7142	10325
7143	10326
7144	10328
7145	10332
7146	10333
7147	10334
7148	10336
7149	10337
7150	10340
7151	10341
7152	10342
7153	10343
7154	10344
7155	10345
7156	10346
7157	10348
7158	10349
7159	10351
7160	10352
7161	10357
7162	10359
7163	10360
7164	10362
7165	10365
7166	10367
7167	10372
7168	10373
7169	10374
7170	10375
7171	10376
7172	10377
7173	10378
7174	10380
7175	10383
7176	10384
7177	10385
7178	10389
7179	10392
7180	10394
7181	10397
7182	10399
7183	10400
7184	10401
7185	10403
7186	10404
7187	10405
7188	10408
7189	10410
7190	10411
7191	10412
7192	10413
7193	10414
7194	10415
7195	10417
7196	10418
7197	10419
7198	10421
7199	10423
7200	10425
7201	10427
7202	10428
7203	10431
7204	10432
7205	10433
7206	10435
7207	10437
7208	10439
7209	10440
7210	10441
7211	10443
7212	10445
7213	10447
7214	10448
7215	10449
7216	10450
7217	10451
7218	10452
7219	10455
7220	10458
7221	10459
7222	10460
7223	10461
7224	10466
7225	10467
7226	10468
7227	10469
7228	10470
7229	10471
7230	10473
7231	10475
7232	10477
7233	10478
7234	10479
7235	10480
7236	10481
7237	10482
7238	10483
7239	10484
7240	10485
7241	10486
7242	10487
7243	10488
7244	10491
7245	10492
7246	10493
7247	10494
7248	10495
7249	10497
7250	10499
7251	10500
7252	10502
7253	10503
7254	10506
7255	10507
7256	10509
7257	10510
7258	10511
7259	10512
7260	10513
7261	10517
7262	10518
7263	10519
7264	10521
7265	10522
7266	10523
7267	10524
7268	10527
7269	10529
7270	10531
7271	10532
7272	10533
7273	10536
7274	10537
7275	10538
7276	10541
7277	10542
7278	10543
7279	10544
7280	10545
7281	10546
7282	10548
7283	10549
7284	10551
7285	10552
7286	10553
7287	10555
7288	10557
7289	10558
7290	10559
7291	10562
7292	10566
7293	10568
7294	10569
7295	10571
7296	10572
7297	10576
7298	10577
7299	10578
7300	10581
7301	10582
7302	10583
7303	10585
7304	10586
7305	10587
7306	10588
7307	10590
7308	10591
7309	10593
7310	10594
7311	10596
7312	10600
7313	10602
7314	10603
7315	10604
7316	10605
7317	10606
7318	10607
7319	10610
7320	10611
7321	10613
7322	10615
7323	10616
7324	10618
7325	10619
7326	10620
7327	10621
7328	10622
7329	10623
7330	10624
7331	10626
7332	10627
7333	10628
7334	10629
7335	10630
7336	10632
7337	10633
7338	10634
7339	10635
7340	10636
7341	10637
7342	10639
7343	10640
7344	10641
7345	10642
7346	10643
7347	10646
7348	10648
7349	10651
7350	10653
7351	10654
7352	10657
7353	10659
7354	10660
7355	10661
7356	10662
7357	10663
7358	10664
7359	10665
7360	10666
7361	10668
7362	10672
7363	10674
7364	10676
7365	10677
7366	10679
7367	10682
7368	10683
7369	10685
7370	10690
7371	10691
7372	10693
7373	10695
7374	10696
7375	10697
7376	10698
7377	10702
7378	10703
7379	10705
7380	10706
7381	10707
7382	10708
7383	10712
7384	10715
7385	10717
7386	10718
7387	10719
7388	10724
7389	10725
7390	10726
7391	10728
7392	10729
7393	10731
7394	10732
7395	10736
7396	10738
7397	10741
7398	10743
7399	10744
7400	10745
7401	10746
7402	10747
7403	10750
7404	10751
7405	10752
7406	10753
7407	10754
7408	10755
7409	10756
7410	10762
7411	10763
7412	10764
7413	10766
7414	10768
7415	10769
7416	10770
7417	10771
7418	10772
7419	10774
7420	10775
7421	10776
7422	10777
7423	10779
7424	10782
7425	10783
7426	10787
7427	10789
7428	10790
7429	10792
7430	10794
7431	10796
7432	10798
7433	10799
7434	10803
7435	10805
7436	10807
7437	10808
7438	10810
7439	10812
7440	10813
7441	10814
7442	10817
7443	10819
7444	10820
7445	10821
7446	10822
7447	10826
7448	10827
7449	10830
7450	10831
7451	10833
7452	10834
7453	10836
7454	10837
7455	10838
7456	10839
7457	10840
7458	10841
7459	10845
7460	10847
7461	10850
7462	10851
7463	10852
7464	10853
7465	10854
7466	10855
7467	10857
7468	10860
7469	10861
7470	10862
7471	10863
7472	10865
7473	10866
7474	10867
7475	10869
7476	10871
7477	10872
7478	10876
7479	10878
7480	10880
7481	10881
7482	10883
7483	10884
7484	10886
7485	10887
7486	10889
7487	10890
7488	10891
7489	10892
7490	10894
7491	10897
7492	10898
7493	10899
7494	10900
7495	10902
7496	10903
7497	10904
7498	10905
7499	10909
7500	10911
7501	10913
7502	10914
7503	10915
7504	10916
7505	10917
7506	10919
7507	10920
7508	10921
7509	10925
7510	10926
7511	10928
7512	10929
7513	10932
7514	10935
7515	10936
7516	10937
7517	10938
7518	10940
7519	10941
7520	10943
7521	10944
7522	10945
7523	10946
7524	10948
7525	10949
7526	10950
7527	10951
7528	10955
7529	10956
7530	10957
7531	10958
7532	10960
7533	10961
7534	10962
7535	10963
7536	10964
7537	10965
7538	10967
7539	10968
7540	10969
7541	10972
7542	10973
7543	10974
7544	10976
7545	10977
7546	10981
7547	10982
7548	10983
7549	10985
7550	10986
7551	10990
7552	10991
7553	10992
7554	10993
7555	10994
7556	10995
7557	10996
7558	10997
7559	10998
7560	10999
7561	11001
7562	11002
7563	11003
7564	11004
7565	11005
7566	11006
7567	11007
7568	11010
7569	11011
7570	11013
7571	11014
7572	11015
7573	11016
7574	11019
7575	11020
7576	11021
7577	11022
7578	11025
7579	11026
7580	11027
7581	11030
7582	11031
7583	11032
7584	11033
7585	11034
7586	11035
7587	11036
7588	11041
7589	11045
7590	11049
7591	11050
7592	11051
7593	11052
7594	11053
7595	11058
7596	11060
7597	11063
7598	11065
7599	11066
7600	11067
7601	11068
7602	11070
7603	11071
7604	11072
7605	11073
7606	11074
7607	11075
7608	11076
7609	11077
7610	11079
7611	11081
7612	11083
7613	11084
7614	11086
7615	11087
7616	11088
7617	11089
7618	11091
7619	11092
7620	11094
7621	11096
7622	11097
7623	11098
7624	11099
7625	11100
7626	11101
7627	11102
7628	11103
7629	11104
7630	11106
7631	11107
7632	11108
7633	11112
7634	11113
7635	11114
7636	11115
7637	11116
7638	11117
7639	11120
7640	11121
7641	11125
7642	11127
7643	11128
7644	11129
7645	11130
7646	11131
7647	11133
7648	11136
7649	11139
7650	11140
7651	11143
7652	11144
7653	11146
7654	11147
7655	11148
7656	11149
7657	11150
7658	11152
7659	11153
7660	11157
7661	11158
7662	11159
7663	11160
7664	11161
7665	11163
7666	11164
7667	11165
7668	11166
7669	11167
7670	11168
7671	11169
7672	11171
7673	11172
7674	11174
7675	11179
7676	11180
7677	11182
7678	11186
7679	11187
7680	11189
7681	11191
7682	11192
7683	11193
7684	11194
7685	11196
7686	11198
7687	11200
7688	11201
7689	11202
7690	11203
7691	11204
7692	11205
7693	11206
7694	11207
7695	11209
7696	11215
7697	11216
7698	11217
7699	11219
7700	11220
7701	11221
7702	11222
7703	11223
7704	11225
7705	11226
7706	11227
7707	11228
7708	11229
7709	11230
7710	11231
7711	11232
7712	11236
7713	11241
7714	11242
7715	11243
7716	11244
7717	11245
7718	11246
7719	11248
7720	11249
7721	11250
7722	11251
7723	11252
7724	11253
7725	11255
7726	11258
7727	11259
7728	11260
7729	11261
7730	11264
7731	11266
7732	11269
7733	11270
7734	11271
7735	11275
7736	11276
7737	11279
7738	11282
7739	11284
7740	11285
7741	11286
7742	11287
7743	11290
7744	11292
7745	11294
7746	11295
7747	11297
7748	11298
7749	11300
7750	11301
7751	11302
7752	11303
7753	11305
7754	11306
7755	11307
7756	11310
7757	11312
7758	11313
7759	11314
7760	11315
7761	11316
7762	11317
7763	11318
7764	11319
7765	11320
7766	11322
7767	11323
7768	11324
7769	11326
7770	11328
7771	11329
7772	11331
7773	11332
7774	11333
7775	11336
7776	11337
7777	11338
7778	11339
7779	11343
7780	11346
7781	11347
7782	11351
7783	11352
7784	11353
7785	11355
7786	11356
7787	11359
7788	11360
7789	11361
7790	11363
7791	11364
7792	11365
7793	11366
7794	11367
7795	11370
7796	11371
7797	11372
7798	11373
7799	11374
7800	11375
7801	11377
7802	11378
7803	11379
7804	11380
7805	11385
7806	11386
7807	11387
7808	11389
7809	11392
7810	11393
7811	11396
7812	11397
7813	11399
7814	11401
7815	11403
7816	11404
7817	11405
7818	11410
7819	11414
7820	11415
7821	11416
7822	11418
7823	11422
7824	11423
7825	11424
7826	11425
7827	11426
7828	11427
7829	11428
7830	11430
7831	11431
7832	11433
7833	11434
7834	11435
7835	11436
7836	11438
7837	11442
7838	11443
7839	11444
7840	11445
7841	11446
7842	11447
7843	11448
7844	11449
7845	11451
7846	11452
7847	11453
7848	11457
7849	11459
7850	11460
7851	11462
7852	11464
7853	11467
7854	11468
7855	11469
7856	11470
7857	11471
7858	11474
7859	11477
7860	11478
7861	11479
7862	11480
7863	11481
7864	11482
7865	11483
7866	11485
7867	11486
7868	11489
7869	11490
7870	11491
7871	11494
7872	11497
7873	11498
7874	11499
7875	11503
7876	11507
7877	11510
7878	11511
7879	11513
7880	11514
7881	11516
7882	11517
7883	11518
7884	11519
7885	11520
7886	11523
7887	11524
7888	11525
7889	11526
7890	11528
7891	11529
7892	11530
7893	11531
7894	11533
7895	11535
7896	11536
7897	11538
7898	11539
7899	11541
7900	11542
7901	11544
7902	11546
7903	11547
7904	11548
7905	11550
7906	11552
7907	11554
7908	11555
7909	11556
7910	11557
7911	11558
7912	11559
7913	11560
7914	11562
7915	11564
7916	11565
7917	11567
7918	11568
7919	11570
7920	11571
7921	11573
7922	11576
7923	11577
7924	11580
7925	11581
7926	11582
7927	11585
7928	11586
7929	11587
7930	11588
7931	11590
7932	11591
7933	11592
7934	11593
7935	11594
7936	11595
7937	11596
7938	11598
7939	11599
7940	11601
7941	11602
7942	11603
7943	11604
7944	11605
7945	11606
7946	11607
7947	11609
7948	11610
7949	11612
7950	11615
7951	11616
7952	11617
7953	11618
7954	11619
7955	11620
7956	11621
7957	11626
7958	11627
7959	11628
7960	11630
7961	11631
7962	11632
7963	11635
7964	11637
7965	11638
7966	11640
7967	11641
7968	11642
7969	11644
7970	11645
7971	11647
7972	11650
7973	11651
7974	11652
7975	11654
7976	11659
7977	11662
7978	11664
7979	11666
7980	11667
7981	11668
7982	11669
7983	11670
7984	11673
7985	11675
7986	11676
7987	11679
7988	11680
7989	11681
7990	11682
7991	11683
7992	11684
7993	11687
7994	11688
7995	11691
7996	11692
7997	11693
7998	11696
7999	11697
8000	11699
8001	11700
8002	11702
8003	11703
8004	11704
8005	11705
8006	11706
8007	11709
8008	11710
8009	11711
8010	11713
8011	11715
8012	11717
8013	11718
8014	11720
8015	11721
8016	11722
8017	11726
8018	11727
8019	11729
8020	11730
8021	11733
8022	11736
8023	11737
8024	11738
8025	11741
8026	11742
8027	11744
8028	11746
8029	11748
8030	11750
8031	11753
8032	11754
8033	11755
8034	11757
8035	11758
8036	11761
8037	11762
8038	11763
8039	11764
8040	11765
8041	11768
8042	11769
8043	11771
8044	11772
8045	11773
8046	11779
8047	11780
8048	11782
8049	11783
8050	11785
8051	11788
8052	11792
8053	11794
8054	11796
8055	11803
8056	11804
8057	11806
8058	11809
8059	11810
8060	11811
8061	11813
8062	11814
8063	11815
8064	11816
8065	11817
8066	11819
8067	11820
8068	11821
8069	11822
8070	11824
8071	11825
8072	11826
8073	11827
8074	11828
8075	11830
8076	11832
8077	11834
8078	11836
8079	11838
8080	11840
8081	11842
8082	11843
8083	11844
8084	11847
8085	11848
8086	11851
8087	11852
8088	11853
8089	11854
8090	11855
8091	11857
8092	11859
8093	11860
8094	11861
8095	11863
8096	11864
8097	11865
8098	11869
8099	11870
8100	11871
8101	11873
8102	11874
8103	11876
8104	11878
8105	11881
8106	11885
8107	11886
8108	11889
8109	11890
8110	11891
8111	11892
8112	11894
8113	11897
8114	11899
8115	11900
8116	11901
8117	11902
8118	11903
8119	11905
8120	11906
8121	11907
8122	11910
8123	11911
8124	11912
8125	11913
8126	11915
8127	11916
8128	11918
8129	11920
8130	11921
8131	11926
8132	11927
8133	11930
8134	11931
8135	11935
8136	11939
8137	11940
8138	11941
8139	11943
8140	11947
8141	11949
8142	11950
8143	11954
8144	11956
8145	11957
8146	11961
8147	11965
8148	11966
8149	11967
8150	11969
8151	11970
8152	11971
8153	11972
8154	11973
8155	11974
8156	11975
8157	11976
8158	11977
8159	11980
8160	11982
8161	11983
8162	11984
8163	11985
8164	11989
8165	11991
8166	11992
8167	11993
8168	11994
8169	11996
8170	11999
8171	12000
8172	12003
8173	12004
8174	12005
8175	12006
8176	12008
8177	12009
8178	12010
8179	12011
8180	12012
8181	12014
8182	12015
8183	12016
8184	12017
8185	12019
8186	12020
8187	12021
8188	12023
8189	12024
8190	12026
8191	12028
8192	12029
8193	12030
8194	12031
8195	12032
8196	12035
8197	12036
8198	12037
8199	12038
8200	12039
8201	12040
8202	12041
8203	12043
8204	12044
8205	12046
8206	12047
8207	12048
8208	12052
8209	12054
8210	12056
8211	12058
8212	12060
8213	12062
8214	12064
8215	12065
8216	12066
8217	12067
8218	12068
8219	12070
8220	12072
8221	12075
8222	12076
8223	12078
8224	12081
8225	12083
8226	12084
8227	12085
8228	12088
8229	12089
8230	12090
8231	12091
8232	12092
8233	12095
8234	12096
8235	12098
8236	12099
8237	12100
8238	12101
8239	12102
8240	12104
8241	12105
8242	12107
8243	12108
8244	12109
8245	12110
8246	12111
8247	12112
8248	12113
8249	12114
8250	12115
8251	12116
8252	12117
8253	12119
8254	12120
8255	12121
8256	12122
8257	12123
8258	12125
8259	12126
8260	12128
8261	12129
8262	12130
8263	12132
8264	12134
8265	12137
8266	12142
8267	12143
8268	12145
8269	12147
8270	12150
8271	12153
8272	12154
8273	12156
8274	12157
8275	12158
8276	12159
8277	12160
8278	12161
8279	12162
8280	12163
8281	12164
8282	12165
8283	12167
8284	12169
8285	12170
8286	12172
8287	12173
8288	12177
8289	12178
8290	12179
8291	12181
8292	12182
8293	12185
8294	12187
8295	12188
8296	12189
8297	12191
8298	12192
8299	12195
8300	12196
8301	12197
8302	12200
8303	12202
8304	12203
8305	12205
8306	12208
8307	12209
8308	12211
8309	12216
8310	12217
8311	12218
8312	12219
8313	12220
8314	12221
8315	12224
8316	12225
8317	12226
8318	12227
8319	12228
8320	12229
8321	12231
8322	12232
8323	12235
8324	12237
8325	12238
8326	12239
8327	12240
8328	12242
8329	12245
8330	12246
8331	12247
8332	12248
8333	12250
8334	12251
8335	12252
8336	12257
8337	12259
8338	12262
8339	12264
8340	12266
8341	12267
8342	12268
8343	12270
8344	12272
8345	12274
8346	12275
8347	12278
8348	12279
8349	12280
8350	12281
8351	12282
8352	12283
8353	12287
8354	12288
8355	12291
8356	12292
8357	12293
8358	12294
8359	12295
8360	12296
8361	12297
8362	12299
8363	12300
8364	12301
8365	12302
8366	12306
8367	12309
8368	12312
8369	12314
8370	12316
8371	12317
8372	12319
8373	12320
8374	12321
8375	12322
8376	12323
8377	12324
8378	12325
8379	12327
8380	12330
8381	12331
8382	12336
8383	12338
8384	12339
8385	12340
8386	12344
8387	12348
8388	12349
8389	12351
8390	12352
8391	12355
8392	12357
8393	12358
8394	12359
8395	12360
8396	12361
8397	12365
8398	12366
8399	12367
8400	12368
8401	12369
8402	12370
8403	12372
8404	12373
8405	12375
8406	12376
8407	12378
8408	12379
8409	12380
8410	12381
8411	12382
8412	12384
8413	12386
8414	12387
8415	12390
8416	12391
8417	12392
8418	12394
8419	12395
8420	12396
8421	12397
8422	12398
8423	12399
8424	12401
8425	12402
8426	12404
8427	12405
8428	12406
8429	12408
8430	12409
8431	12410
8432	12412
8433	12413
8434	12414
8435	12416
8436	12417
8437	12419
8438	12421
8439	12422
8440	12424
8441	12426
8442	12428
8443	12429
8444	12433
8445	12434
8446	12439
8447	12441
8448	12442
8449	12443
8450	12444
8451	12445
8452	12448
8453	12449
8454	12450
8455	12452
8456	12453
8457	12454
8458	12455
8459	12456
8460	12458
8461	12459
8462	12460
8463	12461
8464	12462
8465	12463
8466	12466
8467	12468
8468	12470
8469	12471
8470	12472
8471	12473
8472	12478
8473	12479
8474	12481
8475	12482
8476	12483
8477	12484
8478	12487
8479	12488
8480	12490
8481	12491
8482	12492
8483	12493
8484	12494
8485	12495
8486	12500
8487	12501
8488	12506
8489	12507
8490	12508
8491	12510
8492	12512
8493	12514
8494	12516
8495	12518
8496	12519
8497	12520
8498	12521
8499	12522
8500	12526
8501	12534
8502	12538
8503	12539
8504	12540
8505	12541
8506	12542
8507	12543
8508	12549
8509	12553
8510	12558
8511	12560
8512	12561
8513	12562
8514	12563
8515	12564
8516	12565
8517	12566
8518	12567
8519	12568
8520	12571
8521	12573
8522	12574
8523	12575
8524	12576
8525	12580
8526	12581
8527	12583
8528	12584
8529	12586
8530	12589
8531	12590
8532	12591
8533	12592
8534	12593
8535	12594
8536	12596
8537	12598
8538	12601
8539	12602
8540	12603
8541	12605
8542	12606
8543	12608
8544	12609
8545	12610
8546	12611
8547	12612
8548	12613
8549	12614
8550	12615
8551	12616
8552	12618
8553	12620
8554	12621
8555	12623
8556	12625
8557	12626
8558	12627
8559	12629
8560	12631
8561	12632
8562	12634
8563	12636
8564	12637
8565	12639
8566	12640
8567	12643
8568	12644
8569	12645
8570	12646
8571	12647
8572	12649
8573	12650
8574	12651
8575	12654
8576	12655
8577	12658
8578	12660
8579	12661
8580	12663
8581	12664
8582	12665
8583	12668
8584	12670
8585	12671
8586	12672
8587	12674
8588	12675
8589	12677
8590	12678
8591	12679
8592	12680
8593	12681
8594	12682
8595	12683
8596	12684
8597	12685
8598	12686
8599	12687
8600	12688
8601	12689
8602	12690
8603	12692
8604	12693
8605	12695
8606	12696
8607	12701
8608	12702
8609	12703
8610	12706
8611	12709
8612	12714
8613	12715
8614	12716
8615	12717
8616	12722
8617	12723
8618	12724
8619	12725
8620	12726
8621	12727
8622	12728
8623	12731
8624	12732
8625	12734
8626	12737
8627	12739
8628	12743
8629	12744
8630	12745
8631	12746
8632	12747
8633	12749
8634	12751
8635	12752
8636	12754
8637	12755
8638	12761
8639	12765
8640	12766
8641	12767
8642	12768
8643	12769
8644	12770
8645	12777
8646	12778
8647	12779
8648	12780
8649	12781
8650	12782
8651	12783
8652	12785
8653	12786
8654	12787
8655	12788
8656	12790
8657	12791
8658	12796
8659	12797
8660	12799
8661	12803
8662	12805
8663	12806
8664	12808
8665	12809
8666	12810
8667	12811
8668	12813
8669	12814
8670	12815
8671	12817
8672	12818
8673	12820
8674	12821
8675	12822
8676	12823
8677	12825
8678	12826
8679	12828
8680	12829
8681	12831
8682	12833
8683	12836
8684	12838
8685	12840
8686	12841
8687	12842
8688	12844
8689	12847
8690	12849
8691	12850
8692	12852
8693	12855
8694	12856
8695	12857
8696	12858
8697	12860
8698	12861
8699	12863
8700	12864
8701	12865
8702	12871
8703	12872
8704	12876
8705	12877
8706	12878
8707	12879
8708	12881
8709	12882
8710	12884
8711	12885
8712	12887
8713	12890
8714	12891
8715	12892
8716	12894
8717	12895
8718	12896
8719	12897
8720	12898
8721	12899
8722	12900
8723	12901
8724	12902
8725	12904
8726	12905
8727	12907
8728	12908
8729	12909
8730	12910
8731	12911
8732	12912
8733	12913
8734	12915
8735	12918
8736	12920
8737	12921
8738	12922
8739	12923
8740	12925
8741	12927
8742	12929
8743	12932
8744	12935
8745	12937
8746	12938
8747	12939
8748	12942
8749	12943
8750	12944
8751	12946
8752	12949
8753	12951
8754	12953
8755	12954
8756	12956
8757	12957
8758	12959
8759	12960
8760	12961
8761	12963
8762	12965
8763	12966
8764	12967
8765	12972
8766	12973
8767	12975
8768	12978
8769	12979
8770	12980
8771	12981
8772	12984
8773	12987
8774	12990
8775	12991
8776	12992
8777	12993
8778	12995
8779	12996
8780	12997
8781	13000
8782	13001
8783	13003
8784	13004
8785	13005
8786	13006
8787	13009
8788	13010
8789	13012
8790	13013
8791	13015
8792	13016
8793	13017
8794	13020
8795	13024
8796	13025
8797	13026
8798	13027
8799	13029
8800	13032
8801	13033
8802	13036
8803	13048
8804	13049
8805	13050
8806	13052
8807	13054
8808	13056
8809	13058
8810	13060
8811	13063
8812	13064
8813	13065
8814	13066
8815	13067
8816	13068
8817	13069
8818	13072
8819	13073
8820	13075
8821	13077
8822	13082
8823	13083
8824	13084
8825	13088
8826	13089
8827	13091
8828	13093
8829	13095
8830	13098
8831	13101
8832	13102
8833	13106
8834	13108
8835	13109
8836	13110
8837	13111
8838	13112
8839	13113
8840	13116
8841	13117
8842	13119
8843	13122
8844	13123
8845	13124
8846	13127
8847	13130
8848	13131
8849	13132
8850	13133
8851	13134
8852	13135
8853	13139
8854	13142
8855	13143
8856	13144
8857	13145
8858	13146
8859	13147
8860	13150
8861	13152
8862	13153
8863	13154
8864	13157
8865	13158
8866	13159
8867	13160
8868	13161
8869	13163
8870	13164
8871	13165
8872	13167
8873	13168
8874	13169
8875	13171
8876	13173
8877	13174
8878	13175
8879	13176
8880	13178
8881	13185
8882	13186
8883	13188
8884	13190
8885	13192
8886	13193
8887	13194
8888	13196
8889	13199
8890	13208
8891	13209
8892	13210
8893	13211
8894	13212
8895	13213
8896	13216
8897	13217
8898	13221
8899	13223
8900	13225
8901	13226
8902	13229
8903	13230
8904	13232
8905	13233
8906	13236
8907	13239
8908	13240
8909	13242
8910	13243
8911	13244
8912	13245
8913	13246
8914	13249
8915	13250
8916	13253
8917	13254
8918	13260
8919	13261
8920	13263
8921	13264
8922	13266
8923	13267
8924	13268
8925	13273
8926	13274
8927	13276
8928	13290
8929	13292
8930	13293
8931	13294
8932	13295
8933	13298
8934	13301
8935	13302
8936	13304
8937	13305
8938	13308
8939	13309
8940	13310
8941	13311
8942	13312
8943	13314
8944	13315
8945	13317
8946	13319
8947	13334
8948	13335
8949	13336
8950	13337
8951	13338
8952	13341
8953	13342
8954	13345
8955	13348
8956	13350
8957	13352
8958	13354
8959	13355
8960	13359
8961	13360
8962	13361
8963	13362
8964	13363
8965	13364
8966	13366
8967	13368
8968	13370
8969	13372
8970	13373
8971	13379
8972	13380
8973	13383
8974	13384
8975	13387
8976	13390
8977	13392
8978	13393
8979	13396
8980	13398
8981	13399
8982	13401
8983	13404
8984	13405
8985	13406
8986	13407
8987	13408
8988	13409
8989	13411
8990	13413
8991	13415
8992	13416
8993	13417
8994	13418
8995	13419
8996	13424
8997	13427
8998	13429
8999	13432
9000	13433
9001	13434
9002	13438
9003	13441
9004	13442
9005	13445
9006	13447
9007	13448
9008	13449
9009	13452
9010	13453
9011	13456
9012	13457
9013	13459
9014	13460
9015	13462
9016	13464
9017	13466
9018	13467
9019	13470
9020	13471
9021	13474
9022	13475
9023	13476
9024	13477
9025	13478
9026	13480
9027	13482
9028	13483
9029	13486
9030	13487
9031	13489
9032	13493
9033	13495
9034	13496
9035	13497
9036	13498
9037	13500
9038	13501
9039	13503
9040	13505
9041	13510
9042	13516
9043	13518
9044	13520
9045	13522
9046	13524
9047	13525
9048	13528
9049	13529
9050	13530
9051	13531
9052	13532
9053	13535
9054	13537
9055	13539
9056	13543
9057	13544
9058	13545
9059	13546
9060	13548
9061	13553
9062	13557
9063	13559
9064	13560
9065	13563
9066	13564
9067	13570
9068	13572
9069	13574
9070	13575
9071	13581
9072	13582
9073	13583
9074	13584
9075	13587
9076	13589
9077	13590
9078	13591
9079	13592
9080	13593
9081	13595
9082	13601
9083	13602
9084	13603
9085	13604
9086	13605
9087	13606
9088	13610
9089	13611
9090	13612
9091	13613
9092	13616
9093	13617
9094	13618
9095	13619
9096	13620
9097	13627
9098	13629
9099	13630
9100	13634
9101	13635
9102	13637
9103	13638
9104	13639
9105	13642
9106	13643
9107	13648
9108	13649
9109	13650
9110	13651
9111	13652
9112	13653
9113	13657
9114	13659
9115	13662
9116	13663
9117	13665
9118	13670
9119	13671
9120	13672
9121	13673
9122	13675
9123	13676
9124	13678
9125	13679
9126	13680
9127	13681
9128	13684
9129	13687
9130	13690
9131	13692
9132	13694
9133	13696
9134	13704
9135	13705
9136	13709
9137	13713
9138	13715
9139	13716
9140	13717
9141	13720
9142	13721
9143	13725
9144	13727
9145	13733
9146	13736
9147	13738
9148	13740
9149	13743
9150	13744
9151	13746
9152	13748
9153	13749
9154	13753
9155	13755
9156	13759
9157	13760
9158	13761
9159	13764
9160	13768
9161	13769
9162	13770
9163	13774
9164	13776
9165	13777
9166	13781
9167	13782
9168	13783
9169	13784
9170	13786
9171	13787
9172	13789
9173	13792
9174	13798
9175	13799
9176	13800
9177	13803
9178	13805
9179	13810
9180	13811
9181	13818
9182	13821
9183	13825
9184	13826
9185	13827
9186	13831
9187	13833
9188	13836
9189	13838
9190	13842
9191	13843
9192	13846
9193	13847
9194	13848
9195	13851
9196	13852
9197	13853
9198	13856
9199	13857
9200	13858
9201	13860
9202	13865
9203	13866
9204	13868
9205	13869
9206	13871
9207	13872
9208	13873
9209	13874
9210	13878
9211	13881
9212	13885
9213	13889
9214	13894
9215	13895
9216	13896
9217	13897
9218	13898
9219	13899
9220	13902
9221	13904
9222	13906
9223	13907
9224	13909
9225	13911
9226	13912
9227	13915
9228	13919
9229	13920
9230	13921
9231	13922
9232	13923
9233	13924
9234	13925
9235	13926
9236	13929
9237	13934
9238	13939
9239	13944
9240	13946
9241	13947
9242	13948
9243	13949
9244	13955
9245	13957
9246	13958
9247	13959
9248	13960
9249	13962
9250	13966
9251	13968
9252	13972
9253	13976
9254	13977
9255	13985
9256	13986
9257	13988
9258	13993
9259	13995
9260	14000
9261	14005
9262	14010
9263	14011
9264	14012
9265	14014
9266	14015
9267	14016
9268	14017
9269	14019
9270	14023
9271	14025
9272	14026
9273	14031
9274	14033
9275	14034
9276	14036
9277	14038
9278	14039
9279	14045
9280	14049
9281	14055
9282	14056
9283	14059
9284	14062
9285	14065
9286	14066
9287	14068
9288	14074
9289	14076
9290	14079
9291	14087
9292	14090
9293	14094
9294	14095
9295	14100
9296	14101
9297	14103
9298	14106
9299	14108
9300	14110
9301	14111
9302	14115
9303	14118
9304	14123
9305	14124
9306	14128
9307	14130
9308	14132
9309	14140
9310	14143
9311	14151
9312	14152
9313	14156
9314	14158
9315	14159
9316	14163
9317	14166
9318	14170
9319	14171
9320	14172
9321	14173
9322	14176
9323	14178
9324	14179
9325	14182
9326	14191
9327	14192
9328	14195
9329	14197
9330	14201
9331	14207
9332	14208
9333	14209
9334	14210
9335	14211
9336	14213
9337	14218
9338	14220
9339	14221
9340	14223
9341	14224
9342	14228
9343	14244
9344	14245
9345	14248
9346	14251
9347	14252
9348	14256
9349	14260
9350	14266
9351	14269
9352	14270
9353	14276
9354	14280
9355	14281
9356	14282
9357	14285
9358	14286
9359	14287
9360	14288
9361	14290
9362	14293
9363	14296
9364	14301
9365	14302
9366	14303
9367	14304
9368	14311
9369	14319
9370	14322
9371	14327
9372	14329
9373	14330
9374	14332
9375	14338
9376	14340
9377	14350
9378	14358
9379	14359
9380	14360
9381	14367
9382	14371
9383	14374
9384	14378
9385	14387
9386	14394
9387	14397
9388	14412
9389	14421
9390	14424
9391	14445
9392	14449
9393	14458
9394	14472
9395	14477
9396	14479
9397	14499
