7082
0	16385
1	16386
2	32769
3	4
4	16389
5	6
6	32775
7	32776
8	10
9	11
10	32784
11	32785
12	16403
13	20
14	32789
15	16405
16	16407
17	24
18	16408
19	32793
20	27
21	16413
22	30
23	31
24	32
25	33
26	32800
27	32797
28	16414
29	16417
30	38
31	16425
32	16426
33	16427
34	16431
35	48
36	49
37	32820
38	32821
39	32823
40	32825
41	58
42	59
43	60
44	61
45	32828
46	16443
47	16452
48	71
49	73
50	16458
51	76
52	77
53	32845
54	80
55	32848
56	82
57	83
58	16468
59	16470
60	32857
61	32869
62	32870
63	104
64	16489
65	106
66	32875
67	16494
68	112
69	16501
70	32886
71	120
72	121
73	16507
74	32891
75	127
76	32896
77	129
78	132
79	133
80	32906
81	140
82	141
83	16526
84	16527
85	16528
86	32913
87	32911
88	16532
89	32916
90	32918
91	163
92	16549
93	32934
94	16553
95	32937
96	172
97	32943
98	16560
99	181
100	182
101	183
102	184
103	16569
104	187
105	188
106	32960
107	193
108	16584
109	16585
110	16597
111	16598
112	32982
113	32986
114	16604
115	16605
116	223
117	224
118	16607
119	32992
120	16614
121	16617
122	16618
123	235
124	33003
125	33009
126	33010
127	244
128	245
129	16628
130	33014
131	248
132	16636
133	33023
134	257
135	258
136	259
137	16644
138	33027
139	33028
140	265
141	33033
142	16653
143	16654
144	271
145	33037
146	16657
147	272
148	16659
149	16663
150	33050
151	283
152	16667
153	16669
154	286
155	285
156	16671
157	33055
158	292
159	295
160	296
161	33064
162	33069
163	301
164	33074
165	16694
166	33078
167	16697
168	16698
169	33081
170	33082
171	33089
172	16713
173	16717
174	33101
175	16719
176	33102
177	338
178	16724
179	16725
180	16726
181	16727
182	16728
183	350
184	351
185	354
186	355
187	33122
188	360
189	16745
190	33129
191	16746
192	33135
193	33136
194	33140
195	16769
196	16770
197	16771
198	16772
199	16773
200	16774
201	16775
202	16776
203	33157
204	33161
205	33166
206	16784
207	16785
208	33172
209	408
210	409
211	16792
212	33177
213	16796
214	16797
215	16800
216	33190
217	423
218	16807
219	33192
220	426
221	33196
222	431
223	16815
224	33201
225	16820
226	16821
227	33206
228	16823
229	33204
230	33209
231	16825
232	33213
233	446
234	447
235	33216
236	16833
237	450
238	451
239	16838
240	33227
241	33228
242	33229
243	16849
244	16850
245	16851
246	33236
247	16856
248	33241
249	33242
250	33248
251	33250
252	33253
253	33254
254	33258
255	33259
256	16877
257	33264
258	500
259	501
260	33277
261	33278
262	512
263	513
264	33282
265	16899
266	516
267	517
268	16904
269	33288
270	16906
271	33291
272	33293
273	16909
274	16920
275	16921
276	33305
277	541
278	16930
279	16931
280	16935
281	16936
282	16940
283	33324
284	33325
285	16946
286	33330
287	564
288	565
289	16949
290	16950
291	33332
292	570
293	571
294	16963
295	580
296	581
297	582
298	583
299	16964
300	33355
301	33356
302	16975
303	592
304	593
305	596
306	597
307	598
308	33364
309	600
310	601
311	33370
312	608
313	16993
314	610
315	16997
316	613
317	16999
318	33381
319	617
320	33386
321	618
322	620
323	17003
324	33394
325	626
326	33396
327	630
328	33399
329	17017
330	635
331	636
332	637
333	17022
334	638
335	17028
336	17029
337	33413
338	33415
339	649
340	650
341	33419
342	17040
343	17041
344	33432
345	17049
346	665
347	17052
348	17053
349	17055
350	17056
351	33440
352	674
353	33443
354	680
355	33449
356	33450
357	17067
358	17068
359	17069
360	686
361	687
362	17070
363	688
364	17074
365	17075
366	33454
367	33456
368	33458
369	689
370	33462
371	17081
372	695
373	698
374	17084
375	17085
376	17088
377	33474
378	711
379	712
380	715
381	17101
382	17102
383	33485
384	17105
385	17109
386	17111
387	17112
388	17113
389	33497
390	17118
391	33503
392	741
393	33515
394	751
395	752
396	755
397	33526
398	17143
399	33530
400	33531
401	17152
402	17153
403	33538
404	17156
405	17157
406	773
407	774
408	33543
409	33546
410	17163
411	17164
412	33548
413	785
414	33553
415	787
416	788
417	33554
418	17174
419	17175
420	786
421	17178
422	33563
423	17181
424	33566
425	33567
426	799
427	800
428	17192
429	33577
430	17195
431	33584
432	816
433	33587
434	17204
435	824
436	825
437	826
438	17211
439	33592
440	33596
441	17214
442	33598
443	17216
444	17217
445	17218
446	33600
447	33602
448	17223
449	840
450	33614
451	847
452	848
453	33616
454	17237
455	33623
456	33624
457	857
458	858
459	17242
460	33632
461	17252
462	17253
463	17255
464	33641
465	17259
466	17262
467	883
468	33651
469	890
470	891
471	33661
472	894
473	895
474	33666
475	17283
476	33667
477	17284
478	17287
479	17294
480	17295
481	17298
482	914
483	916
484	17301
485	923
486	17308
487	33694
488	17311
489	17310
490	929
491	33698
492	17312
493	17315
494	926
495	33701
496	33704
497	17324
498	17328
499	33713
500	33714
501	17335
502	33719
503	33720
504	17347
505	964
506	965
507	17350
508	33735
509	33738
510	17355
511	17357
512	33741
513	33749
514	33752
515	17369
516	33753
517	988
518	989
519	33757
520	17377
521	995
522	996
523	17381
524	33764
525	33767
526	1002
527	17387
528	33773
529	1007
530	17393
531	1010
532	1011
533	33783
534	1019
535	1020
536	17403
537	17406
538	33791
539	1023
540	17410
541	1027
542	17411
543	1026
544	33797
545	33800
546	33803
547	17419
548	1037
549	1038
550	1039
551	17424
552	1044
553	17429
554	1046
555	33817
556	17435
557	33822
558	33823
559	17441
560	33828
561	17445
562	33829
563	33830
564	17448
565	1064
566	1071
567	1073
568	1074
569	17458
570	1078
571	17462
572	1082
573	1084
574	1085
575	1086
576	17471
577	17473
578	1091
579	33860
580	17477
581	1098
582	1099
583	17484
584	17485
585	33873
586	1106
587	17491
588	17495
589	17504
590	17508
591	17509
592	1129
593	1131
594	1132
595	33902
596	1136
597	1137
598	1138
599	17526
600	33912
601	33915
602	17532
603	17533
604	1160
605	17545
606	1164
607	17549
608	17550
609	1167
610	1168
611	17552
612	17553
613	1174
614	1177
615	1178
616	17563
617	17564
618	1179
619	1182
620	33951
621	1184
622	1190
623	1191
624	1193
625	1194
626	17577
627	1197
628	33967
629	17584
630	17585
631	17587
632	33971
633	33973
634	1206
635	1207
636	1208
637	1209
638	17591
639	17592
640	17596
641	17595
642	1210
643	33984
644	33985
645	17603
646	33987
647	17604
648	1223
649	1226
650	1227
651	1229
652	34001
653	1234
654	17619
655	17621
656	17622
657	17623
658	17624
659	1241
660	1239
661	1243
662	1244
663	1242
664	34015
665	17632
666	17637
667	17638
668	17639
669	17641
670	17642
671	1260
672	1261
673	34030
674	17648
675	17652
676	17656
677	17659
678	17663
679	1283
680	34053
681	34055
682	17673
683	17674
684	17675
685	34058
686	1293
687	17678
688	17681
689	17682
690	17683
691	34065
692	1301
693	17686
694	17687
695	1299
696	17689
697	17688
698	1308
699	1309
700	17695
701	17696
702	17697
703	1313
704	17699
705	17700
706	17701
707	1321
708	1322
709	1326
710	1327
711	1331
712	1334
713	1341
714	1349
715	34130
716	17747
717	17750
718	17751
719	1368
720	17754
721	17755
722	1371
723	1381
724	1382
725	1385
726	34153
727	17774
728	17776
729	1399
730	1400
731	1401
732	1402
733	17783
734	34170
735	1414
736	17803
737	34189
738	1422
739	17807
740	17808
741	1423
742	17811
743	17814
744	1431
745	1432
746	1437
747	1439
748	1440
749	17829
750	17830
751	17832
752	1449
753	1456
754	1457
755	17846
756	17850
757	1471
758	17858
759	1477
760	1478
761	1479
762	17863
763	17864
764	17862
765	34246
766	17868
767	34252
768	17870
769	1499
770	17888
771	17891
772	17895
773	17896
774	1513
775	17898
776	34284
777	1517
778	1518
779	17903
780	17904
781	1521
782	1522
783	17907
784	17908
785	17915
786	1533
787	1534
788	17918
789	17920
790	1539
791	1540
792	1541
793	17927
794	1546
795	17932
796	17933
797	17936
798	1555
799	1556
800	1559
801	1560
802	17960
803	17961
804	1581
805	1582
806	17965
807	17969
808	34357
809	17976
810	1593
811	1594
812	17978
813	17977
814	1599
815	1600
816	17984
817	17986
818	1605
819	1606
820	1608
821	17993
822	1611
823	1618
824	1619
825	1620
826	1621
827	1624
828	1625
829	18009
830	18008
831	1627
832	18013
833	1630
834	1631
835	18014
836	1634
837	1635
838	18018
839	34404
840	18025
841	1642
842	1643
843	1644
844	18028
845	1646
846	18029
847	1645
848	18031
849	1647
850	1653
851	34427
852	18052
853	18055
854	18061
855	34445
856	18066
857	34451
858	18072
859	1690
860	1691
861	1692
862	18076
863	18080
864	34464
865	1702
866	1704
867	18093
868	18094
869	18098
870	18101
871	1718
872	1719
873	18102
874	1722
875	1723
876	1724
877	18106
878	18107
879	18110
880	18113
881	18114
882	1731
883	18116
884	1733
885	1734
886	1730
887	18115
888	1732
889	1735
890	18122
891	18128
892	34512
893	1747
894	1755
895	1758
896	1759
897	18143
898	18147
899	18148
900	18149
901	18155
902	18156
903	1773
904	18159
905	18161
906	18162
907	18163
908	18164
909	1781
910	18169
911	18170
912	18171
913	18172
914	1787
915	34561
916	18177
917	18180
918	1797
919	1804
920	1805
921	18192
922	18193
923	18194
924	1811
925	1812
926	34576
927	1808
928	18205
929	1826
930	1827
931	1828
932	1829
933	18212
934	34599
935	34600
936	1837
937	1838
938	1839
939	1840
940	18225
941	1842
942	1843
943	34610
944	1844
945	34619
946	18236
947	1857
948	1858
949	1862
950	1863
951	1864
952	1865
953	18250
954	18246
955	34631
956	18255
957	18256
958	18259
959	18260
960	18261
961	18262
962	1886
963	1887
964	34657
965	18273
966	18276
967	34662
968	1898
969	18282
970	34666
971	18287
972	1903
973	1905
974	1906
975	1907
976	1904
977	18288
978	34673
979	1911
980	18292
981	1910
982	1914
983	34679
984	1915
985	34685
986	18298
987	1920
988	1921
989	18304
990	18306
991	18307
992	34693
993	1928
994	1929
995	1930
996	1931
997	34702
998	1938
999	18324
1000	34711
1001	1946
1002	1947
1003	18332
1004	18333
1005	18339
1006	1956
1007	18341
1008	18342
1009	18344
1010	18345
1011	1966
1012	34734
1013	34748
1014	34749
1015	1981
1016	18371
1017	1988
1018	1989
1019	18373
1020	18374
1021	18379
1022	1999
1023	2000
1024	2007
1025	18394
1026	2014
1027	18399
1028	2018
1029	2019
1030	34788
1031	18406
1032	18407
1033	18410
1034	18413
1035	2029
1036	34798
1037	2031
1038	2036
1039	18421
1040	18422
1041	18430
1042	2047
1043	2048
1044	18433
1045	18434
1046	2051
1047	34820
1048	2054
1049	18439
1050	18444
1051	2060
1052	18447
1053	2064
1054	2065
1055	2066
1056	18452
1057	18454
1058	18458
1059	2075
1060	2076
1061	2079
1062	2080
1063	18465
1064	18466
1065	18467
1066	18468
1067	2085
1068	2086
1069	2095
1070	2098
1071	34867
1072	2101
1073	34872
1074	18490
1075	2109
1076	2110
1077	18494
1078	18497
1079	18498
1080	18499
1081	18500
1082	2121
1083	2125
1084	2126
1085	2127
1086	2128
1087	18515
1088	34900
1089	34901
1090	18525
1091	2142
1092	34911
1093	18529
1094	18530
1095	2148
1096	18539
1097	18545
1098	18548
1099	18549
1100	18556
1101	2174
1102	18559
1103	18562
1104	34947
1105	2181
1106	2182
1107	18565
1108	2183
1109	18571
1110	18572
1111	2196
1112	2197
1113	2207
1114	2208
1115	34977
1116	34981
1117	18598
1118	18597
1119	18601
1120	18605
1121	2226
1122	18612
1123	18613
1124	18614
1125	35001
1126	18621
1127	2242
1128	2243
1129	18628
1130	18629
1131	2246
1132	2247
1133	2252
1134	2253
1135	18637
1136	18640
1137	35026
1138	18643
1139	2261
1140	2262
1141	18657
1142	18658
1143	2278
1144	18666
1145	35053
1146	18670
1147	18671
1148	18672
1149	18673
1150	2286
1151	18674
1152	2292
1153	2293
1154	18680
1155	18681
1156	2298
1157	2299
1158	18682
1159	2304
1160	2305
1161	18689
1162	18690
1163	18691
1164	18692
1165	35077
1166	18699
1167	18700
1168	2317
1169	2318
1170	18703
1171	35089
1172	18712
1173	18713
1174	18714
1175	18715
1176	18717
1177	2334
1178	2338
1179	2339
1180	2343
1181	2344
1182	18729
1183	2346
1184	35115
1185	2347
1186	18734
1187	2351
1188	2353
1189	2354
1190	2361
1191	18747
1192	2365
1193	18749
1194	2370
1195	2371
1196	2372
1197	2373
1198	2380
1199	2381
1200	2383
1201	2384
1202	18770
1203	18771
1204	2388
1205	2389
1206	35156
1207	18779
1208	18780
1209	18781
1210	18784
1211	18785
1212	2404
1213	18790
1214	18791
1215	18795
1216	35186
1217	18803
1218	18805
1219	35198
1220	2438
1221	18824
1222	2441
1223	2442
1224	18827
1225	18829
1226	18830
1227	18831
1228	2451
1229	18835
1230	18837
1231	18838
1232	18840
1233	18841
1234	2457
1235	18844
1236	18846
1237	2464
1238	18850
1239	18855
1240	2473
1241	18860
1242	18862
1243	35247
1244	18864
1245	18866
1246	18869
1247	18870
1248	18871
1249	18875
1250	2497
1251	18885
1252	18886
1253	18890
1254	35274
1255	2510
1256	2511
1257	18894
1258	35278
1259	35283
1260	18900
1261	2517
1262	2518
1263	2519
1264	2520
1265	35288
1266	18909
1267	18910
1268	2525
1269	18912
1270	2529
1271	18911
1272	2530
1273	35302
1274	2536
1275	18921
1276	2538
1277	2539
1278	2540
1279	2541
1280	18926
1281	2547
1282	2549
1283	18933
1284	18936
1285	18940
1286	18941
1287	18944
1288	2563
1289	18950
1290	18951
1291	18952
1292	18957
1293	18961
1294	2578
1295	2579
1296	18964
1297	2587
1298	18974
1299	2591
1300	2593
1301	2599
1302	35370
1303	35374
1304	2608
1305	18993
1306	2610
1307	19002
1308	19004
1309	2623
1310	2624
1311	35399
1312	19021
1313	19022
1314	35408
1315	2645
1316	2646
1317	19030
1318	19031
1319	19035
1320	19036
1321	19040
1322	2659
1323	2660
1324	2661
1325	2665
1326	2666
1327	19050
1328	19052
1329	19053
1330	19058
1331	2675
1332	2676
1333	19059
1334	35444
1335	35445
1336	2682
1337	19066
1338	35450
1339	2683
1340	2686
1341	2688
1342	19074
1343	19076
1344	19077
1345	2694
1346	19079
1347	35462
1348	35465
1349	19083
1350	19086
1351	35474
1352	19092
1353	2709
1354	2710
1355	2711
1356	19094
1357	2713
1358	19098
1359	35480
1360	35485
1361	2718
1362	19101
1363	2724
1364	2725
1365	2726
1366	2727
1367	19112
1368	19113
1369	35495
1370	2733
1371	2734
1372	2735
1373	2736
1374	19122
1375	19132
1376	2751
1377	2752
1378	19137
1379	19136
1380	2769
1381	19154
1382	35546
1383	2782
1384	19170
1385	2792
1386	2793
1387	2794
1388	19177
1389	35562
1390	19184
1391	2801
1392	19192
1393	19196
1394	35586
1395	2819
1396	19207
1397	2825
1398	35593
1399	19212
1400	19215
1401	19220
1402	2837
1403	2836
1404	2843
1405	2844
1406	2854
1407	2855
1408	19239
1409	19240
1410	2858
1411	2859
1412	19241
1413	19246
1414	19250
1415	2870
1416	19255
1417	2874
1418	2875
1419	19258
1420	2877
1421	2878
1422	19261
1423	19263
1424	2883
1425	19270
1426	2890
1427	2891
1428	35659
1429	19280
1430	2899
1431	2908
1432	2909
1433	19295
1434	19298
1435	19299
1436	2924
1437	2925
1438	2931
1439	2935
1440	2936
1441	19321
1442	19323
1443	19325
1444	19326
1445	35712
1446	2952
1447	2953
1448	19337
1449	19336
1450	2956
1451	2957
1452	19344
1453	2962
1454	2963
1455	19351
1456	19353
1457	19354
1458	2971
1459	19358
1460	2976
1461	19361
1462	35747
1463	19366
1464	19367
1465	35752
1466	2987
1467	2988
1468	19374
1469	19382
1470	19383
1471	3002
1472	19388
1473	19392
1474	19393
1475	35776
1476	19397
1477	35782
1478	19399
1479	19400
1480	19402
1481	19407
1482	3029
1483	19414
1484	19415
1485	19416
1486	19417
1487	3033
1488	3034
1489	19419
1490	35804
1491	19424
1492	19426
1493	19432
1494	35818
1495	19435
1496	35823
1497	19442
1498	19443
1499	19447
1500	19448
1501	19450
1502	3069
1503	3074
1504	19458
1505	19461
1506	19462
1507	19464
1508	3084
1509	19473
1510	19474
1511	19475
1512	19476
1513	3094
1514	3096
1515	3097
1516	19482
1517	19484
1518	19490
1519	19492
1520	19493
1521	3111
1522	3112
1523	3122
1524	19515
1525	19518
1526	35903
1527	19521
1528	19524
1529	3141
1530	35910
1531	19532
1532	19536
1533	19539
1534	19543
1535	35929
1536	3162
1537	3163
1538	35932
1539	19549
1540	3164
1541	19552
1542	19553
1543	19555
1544	19556
1545	19558
1546	35944
1547	19567
1548	19568
1549	3185
1550	3186
1551	19571
1552	3188
1553	3189
1554	3190
1555	19573
1556	35960
1557	3195
1558	3196
1559	19580
1560	35963
1561	19583
1562	3202
1563	19588
1564	3205
1565	3206
1566	19590
1567	3208
1568	19594
1569	19595
1570	19596
1571	3211
1572	3220
1573	35989
1574	35992
1575	19609
1576	19610
1577	3226
1578	19608
1579	3230
1580	19618
1581	36003
1582	19621
1583	19622
1584	3239
1585	3240
1586	19623
1587	19624
1588	19628
1589	19630
1590	19631
1591	3247
1592	19635
1593	3253
1594	19644
1595	36031
1596	3272
1597	3273
1598	19658
1599	3277
1600	3278
1601	36046
1602	19662
1603	36052
1604	19674
1605	19680
1606	3302
1607	19688
1608	3305
1609	3307
1610	3308
1611	19692
1612	36076
1613	19695
1614	19696
1615	19698
1616	3315
1617	19701
1618	3318
1619	36087
1620	19705
1621	19706
1622	36093
1623	19711
1624	36095
1625	3329
1626	19714
1627	3331
1628	19715
1629	3332
1630	3334
1631	3335
1632	3336
1633	36112
1634	19731
1635	3348
1636	19733
1637	36118
1638	3352
1639	3353
1640	3354
1641	19737
1642	36127
1643	36132
1644	3365
1645	36134
1646	3368
1647	19753
1648	36145
1649	3380
1650	3381
1651	19766
1652	3389
1653	3390
1654	19773
1655	19775
1656	19774
1657	19778
1658	3395
1659	3396
1660	3398
1661	3399
1662	19785
1663	3402
1664	19786
1665	19787
1666	19788
1667	3408
1668	3409
1669	3410
1670	36177
1671	3412
1672	19798
1673	3416
1674	3417
1675	3424
1676	3425
1677	19810
1678	36195
1679	19812
1680	3429
1681	3430
1682	19813
1683	3432
1684	19814
1685	19815
1686	19816
1687	19817
1688	19819
1689	3435
1690	36204
1691	36205
1692	19825
1693	19829
1694	19836
1695	19837
1696	3454
1697	19838
1698	19841
1699	19842
1700	19843
1701	36228
1702	3463
1703	19848
1704	3468
1705	19853
1706	3470
1707	3471
1708	19854
1709	3469
1710	19852
1711	3476
1712	36246
1713	19863
1714	19865
1715	36251
1716	36253
1717	3487
1718	19872
1719	19875
1720	36267
1721	3502
1722	3505
1723	3506
1724	19890
1725	19892
1726	3508
1727	3507
1728	19891
1729	3518
1730	3519
1731	3520
1732	19907
1733	3524
1734	3525
1735	19914
1736	19915
1737	3532
1738	19917
1739	3533
1740	3537
1741	19922
1742	19923
1743	3542
1744	3543
1745	3544
1746	19928
1747	19930
1748	3545
1749	36323
1750	19940
1751	19941
1752	3559
1753	36327
1754	19946
1755	19947
1756	36332
1757	3568
1758	19956
1759	19957
1760	36341
1761	19961
1762	19962
1763	19964
1764	19965
1765	19968
1766	19969
1767	3585
1768	3587
1769	3584
1770	36353
1771	3588
1772	19978
1773	36363
1774	36364
1775	36365
1776	3598
1777	3599
1778	19982
1779	3601
1780	3602
1781	36373
1782	3608
1783	3609
1784	36377
1785	19999
1786	20000
1787	3618
1788	20002
1789	20003
1790	20005
1791	20006
1792	3620
1793	20011
1794	3629
1795	20016
1796	3636
1797	3639
1798	20026
1799	20027
1800	20031
1801	20034
1802	20035
1803	36425
1804	3663
1805	3664
1806	20048
1807	36431
1808	20052
1809	20059
1810	3678
1811	20064
1812	3684
1813	3685
1814	3686
1815	3687
1816	20071
1817	20068
1818	3694
1819	3695
1820	20078
1821	3698
1822	3699
1823	36469
1824	36470
1825	3706
1826	20092
1827	20093
1828	3725
1829	3726
1830	20115
1831	3735
1832	20125
1833	20128
1834	20129
1835	3750
1836	3751
1837	20138
1838	20141
1839	20142
1840	36528
1841	3763
1842	3766
1843	3767
1844	3772
1845	3773
1846	20156
1847	20159
1848	36540
1849	36548
1850	3781
1851	3788
1852	20176
1853	20177
1854	20178
1855	20179
1856	20181
1857	3797
1858	3798
1859	3804
1860	3806
1861	20192
1862	3811
1863	20197
1864	3819
1865	3820
1866	20205
1867	20206
1868	36587
1869	20210
1870	36598
1871	20217
1872	20218
1873	3840
1874	36608
1875	20230
1876	3848
1877	3849
1878	3850
1879	36622
1880	20239
1881	20242
1882	36626
1883	20243
1884	20247
1885	3866
1886	3867
1887	20251
1888	3869
1889	36638
1890	3876
1891	20262
1892	3880
1893	20265
1894	3882
1895	20266
1896	3889
1897	20276
1898	20277
1899	20278
1900	3899
1901	3900
1902	20284
1903	20285
1904	36671
1905	20289
1906	20292
1907	20293
1908	20294
1909	3912
1910	20299
1911	20301
1912	20303
1913	20304
1914	3921
1915	3922
1916	36689
1917	36692
1918	36695
1919	20313
1920	3934
1921	20323
1922	20324
1923	20325
1924	3939
1925	3944
1926	3945
1927	3954
1928	3955
1929	20338
1930	3959
1931	3961
1932	3962
1933	3963
1934	3964
1935	3966
1936	3970
1937	3971
1938	20355
1939	20356
1940	3974
1941	20357
1942	20363
1943	20364
1944	20372
1945	3989
1946	3990
1947	20374
1948	3992
1949	3995
1950	3999
1951	4000
1952	4001
1953	4002
1954	20387
1955	4003
1956	4005
1957	4004
1958	20385
1959	20394
1960	4012
1961	4013
1962	20398
1963	20396
1964	20403
1965	4019
1966	20405
1967	20408
1968	4024
1969	4029
1970	4033
1971	4035
1972	4039
1973	4040
1974	4041
1975	4042
1976	4043
1977	4044
1978	20431
1979	20432
1980	4048
1981	20435
1982	4052
1983	4053
1984	4054
1985	20439
1986	20440
1987	20441
1988	36826
1989	20443
1990	4063
1991	4064
1992	20450
1993	20452
1994	20453
1995	4076
1996	4077
1997	4078
1998	20464
1999	4083
2000	20471
2001	36864
2002	36867
2003	4102
2004	36870
2005	20488
2006	4107
2007	4109
2008	20494
2009	20495
2010	36881
2011	36885
2012	4122
2013	36893
2014	20513
2015	4137
2016	36906
2017	20523
2018	4138
2019	20525
2020	20526
2021	20521
2022	4143
2023	20522
2024	20531
2025	36915
2026	4149
2027	20535
2028	4159
2029	4160
2030	4161
2031	4162
2032	4163
2033	20553
2034	4170
2035	20558
2036	4175
2037	4176
2038	4181
2039	4182
2040	4200
2041	36973
2042	36999
2043	4232
2044	4233
2045	20616
2046	37003
2047	37005
2048	20623
2049	20624
2050	4241
2051	4242
2052	4246
2053	4247
2054	20635
2055	20636
2056	20639
2057	20645
2058	4262
2059	4263
2060	20647
2061	20650
2062	20651
2063	20652
2064	4272
2065	20657
2066	20664
2067	20665
2068	4282
2069	4283
2070	20667
2071	37053
2072	20671
2073	20672
2074	20673
2075	4293
2076	20678
2077	20679
2078	37066
2079	20684
2080	20686
2081	20687
2082	4303
2083	4304
2084	20690
2085	20689
2086	37073
2087	20694
2088	37079
2089	20696
2090	4316
2091	4317
2092	37088
2093	20705
2094	4322
2095	4324
2096	4325
2097	20714
2098	4332
2099	4333
2100	20718
2101	20720
2102	37105
2103	4339
2104	20724
2105	20725
2106	4343
2107	4344
2108	4345
2109	4346
2110	20731
2111	4349
2112	37119
2113	20739
2114	4362
2115	4363
2116	4364
2117	20749
2118	20750
2119	20751
2120	4365
2121	20753
2122	37140
2123	20757
2124	20758
2125	37141
2126	20766
2127	4388
2128	4389
2129	37158
2130	20780
2131	20781
2132	4398
2133	20786
2134	4408
2135	20793
2136	4414
2137	20808
2138	20809
2139	20810
2140	37193
2141	4428
2142	4429
2143	20813
2144	4431
2145	4426
2146	4430
2147	4434
2148	37205
2149	37209
2150	20826
2151	4443
2152	4447
2153	4448
2154	37217
2155	20834
2156	37223
2157	20840
2158	20841
2159	4458
2160	4459
2161	37228
2162	33451
2163	20846
2164	4456
2165	37235
2166	37237
2167	20854
2168	33453
2169	4482
2170	4483
2171	20867
2172	20868
2173	20871
2174	20872
2175	37258
2176	4498
2177	20884
2178	4501
2179	4503
2180	37272
2181	4508
2182	4509
2183	37276
2184	4512
2185	4513
2186	4514
2187	4516
2188	4517
2189	20903
2190	20904
2191	20905
2192	37295
2193	4529
2194	4530
2195	4531
2196	4536
2197	37304
2198	4540
2199	4549
2200	4550
2201	20935
2202	20941
2203	37325
2204	4565
2205	37337
2206	20955
2207	20956
2208	20957
2209	37344
2210	37349
2211	37353
2212	4588
2213	4589
2214	4590
2215	20975
2216	20974
2217	20978
2218	20979
2219	20980
2220	4597
2221	4599
2222	20985
2223	4606
2224	4612
2225	20999
2226	4617
2227	37385
2228	21003
2229	37390
2230	37391
2231	21010
2232	4629
2233	21014
2234	21015
2235	37399
2236	4632
2237	4633
2238	37410
2239	21032
2240	21033
2241	4658
2242	37431
2243	21047
2244	21052
2245	21053
2246	21054
2247	4672
2248	21059
2249	4676
2250	37445
2251	21063
2252	4681
2253	4683
2254	21071
2255	4690
2256	21076
2257	4693
2258	21077
2259	4695
2260	21080
2261	21081
2262	4698
2263	4699
2264	21084
2265	37465
2266	4702
2267	21094
2268	37480
2269	21105
2270	21106
2271	37490
2272	21112
2273	4735
2274	4738
2275	21122
2276	4739
2277	21125
2278	21129
2279	21130
2280	37515
2281	4750
2282	37524
2283	21141
2284	37534
2285	4768
2286	4769
2287	4771
2288	4772
2289	4773
2290	4774
2291	21159
2292	21160
2293	37541
2294	4778
2295	21163
2296	4777
2297	4783
2298	21168
2299	4785
2300	37554
2301	21181
2302	4798
2303	4804
2304	21191
2305	4808
2306	4809
2307	21194
2308	37577
2309	4812
2310	4819
2311	4820
2312	21203
2313	21204
2314	37588
2315	21211
2316	37595
2317	4828
2318	4830
2319	21215
2320	21216
2321	4840
2322	4841
2323	21230
2324	21235
2325	4852
2326	4853
2327	37625
2328	4859
2329	4860
2330	4861
2331	4862
2332	21249
2333	21250
2334	37637
2335	4870
2336	4871
2337	4874
2338	4875
2339	37644
2340	21262
2341	21263
2342	21265
2343	21266
2344	21267
2345	21268
2346	37652
2347	4888
2348	21273
2349	21274
2350	4891
2351	21275
2352	21276
2353	4893
2354	4892
2355	4896
2356	4897
2357	21284
2358	37672
2359	37674
2360	4906
2361	21292
2362	21293
2363	21294
2364	21295
2365	21296
2366	4913
2367	4914
2368	4916
2369	21305
2370	21306
2371	4925
2372	21309
2373	4927
2374	4929
2375	21313
2376	21319
2377	21322
2378	4939
2379	21328
2380	4944
2381	4947
2382	4948
2383	21334
2384	21337
2385	21338
2386	4955
2387	4956
2388	37723
2389	37724
2390	21346
2391	21347
2392	21349
2393	4966
2394	21351
2395	21350
2396	4969
2397	4970
2398	37737
2399	4972
2400	21360
2401	4979
2402	4980
2403	21364
2404	37750
2405	21369
2406	21370
2407	4987
2408	4990
2409	4991
2410	21378
2411	37764
2412	21383
2413	21384
2414	21386
2415	21392
2416	21394
2417	5010
2418	5013
2419	5014
2420	5015
2421	5016
2422	21402
2423	5019
2424	5020
2425	21407
2426	5025
2427	21409
2428	5028
2429	5029
2430	21412
2431	21414
2432	21420
2433	21424
2434	5045
2435	21430
2436	37814
2437	21433
2438	21437
2439	21438
2440	21439
2441	5054
2442	37823
2443	5056
2444	5059
2445	21443
2446	5061
2447	5062
2448	37831
2449	37837
2450	21456
2451	5075
2452	21459
2453	21461
2454	5076
2455	21464
2456	5082
2457	5083
2458	21467
2459	21470
2460	21471
2461	21472
2462	5089
2463	5090
2464	5091
2465	5092
2466	37864
2467	21483
2468	21484
2469	5102
2470	5103
2471	21488
2472	21490
2473	5110
2474	37882
2475	5115
2476	21501
2477	21503
2478	21505
2479	21506
2480	5126
2481	21512
2482	5131
2483	5132
2484	5134
2485	5135
2486	5136
2487	21525
2488	5142
2489	21526
2490	5144
2491	5145
2492	5146
2493	5147
2494	37909
2495	5149
2496	5150
2497	21535
2498	5143
2499	21537
2500	5154
2501	5151
2502	21539
2503	21538
2504	21548
2505	21551
2506	21552
2507	5167
2508	37935
2509	5173
2510	5174
2511	21559
2512	21560
2513	21561
2514	21562
2515	21563
2516	33594
2517	5182
2518	21570
2519	5186
2520	5190
2521	21580
2522	5197
2523	21581
2524	5198
2525	5199
2526	5201
2527	21585
2528	21590
2529	5208
2530	5209
2531	21594
2532	5217
2533	5220
2534	21605
2535	21606
2536	21609
2537	5226
2538	21610
2539	5227
2540	21612
2541	37997
2542	5238
2543	5239
2544	21626
2545	5247
2546	21632
2547	21633
2548	38015
2549	21635
2550	21636
2551	5258
2552	38031
2553	5264
2554	21649
2555	5267
2556	21653
2557	21654
2558	5271
2559	5272
2560	38040
2561	21658
2562	21657
2563	38042
2564	38044
2565	38046
2566	21663
2567	21664
2568	5281
2569	5283
2570	21670
2571	38054
2572	38055
2573	21675
2574	5292
2575	5293
2576	38063
2577	38069
2578	38077
2579	5311
2580	5312
2581	21696
2582	21697
2583	38083
2584	5319
2585	5320
2586	21703
2587	38089
2588	21712
2589	21713
2590	21714
2591	38099
2592	21716
2593	5333
2594	5334
2595	21717
2596	5339
2597	5340
2598	5341
2599	5342
2600	21727
2601	5346
2602	5347
2603	21730
2604	21731
2605	21732
2606	5352
2607	5355
2608	5357
2609	5358
2610	21743
2611	38127
2612	21746
2613	21747
2614	5363
2615	5370
2616	21754
2617	5372
2618	5382
2619	5386
2620	5387
2621	38156
2622	5392
2623	21783
2624	5401
2625	5402
2626	21795
2627	21796
2628	21797
2629	38185
2630	5420
2631	5424
2632	5425
2633	5426
2634	21810
2635	21811
2636	5431
2637	5432
2638	21821
2639	21822
2640	5439
2641	5441
2642	5442
2643	5443
2644	5444
2645	5445
2646	21830
2647	5446
2648	21840
2649	5460
2650	5463
2651	21849
2652	21850
2653	21851
2654	5468
2655	5471
2656	5472
2657	38239
2658	21859
2659	38243
2660	5477
2661	5478
2662	21862
2663	21863
2664	21865
2665	21861
2666	5483
2667	5484
2668	21869
2669	21874
2670	21875
2671	5494
2672	5497
2673	21882
2674	38268
2675	5501
2676	21888
2677	5507
2678	5508
2679	5511
2680	5512
2681	21895
2682	21896
2683	38283
2684	21900
2685	5518
2686	5519
2687	5521
2688	5522
2689	38289
2690	21911
2691	21912
2692	5527
2693	21915
2694	38299
2695	38303
2696	5540
2697	38312
2698	21933
2699	5551
2700	5552
2701	5553
2702	5554
2703	5561
2704	5562
2705	5563
2706	5564
2707	21947
2708	21951
2709	21952
2710	21953
2711	5570
2712	21955
2713	38345
2714	5578
2715	5579
2716	21964
2717	21967
2718	21968
2719	5585
2720	21970
2721	5587
2722	5588
2723	21972
2724	5590
2725	38362
2726	21982
2727	5601
2728	5602
2729	5603
2730	38372
2731	21994
2732	5611
2733	22007
2734	22010
2735	5626
2736	22016
2737	22017
2738	22020
2739	5639
2740	5640
2741	22023
2742	38411
2743	38413
2744	22031
2745	22032
2746	22033
2747	5652
2748	22039
2749	5659
2750	22043
2751	22045
2752	5667
2753	5668
2754	22060
2755	22061
2756	22066
2757	22068
2758	22070
2759	22075
2760	5693
2761	5694
2762	5700
2763	5701
2764	5702
2765	5709
2766	22096
2767	22097
2768	22100
2769	22102
2770	5721
2771	22107
2772	22114
2773	22120
2774	22121
2775	22123
2776	5740
2777	22126
2778	22127
2779	5747
2780	22133
2781	22134
2782	22138
2783	22139
2784	5756
2785	38522
2786	22147
2787	22149
2788	5766
2789	5767
2790	5771
2791	22155
2792	5773
2793	5777
2794	22161
2795	5783
2796	22167
2797	22169
2798	5792
2799	5803
2800	5809
2801	5822
2802	5823
2803	38592
2804	5830
2805	5831
2806	38611
2807	5845
2808	5846
2809	22232
2810	5850
2811	38622
2812	5857
2813	22248
2814	5865
2815	22250
2816	5866
2817	22249
2818	22257
2819	5882
2820	5883
2821	5884
2822	5885
2823	5886
2824	5887
2825	5888
2826	5889
2827	22272
2828	22273
2829	5890
2830	5893
2831	5895
2832	5896
2833	22281
2834	5898
2835	5899
2836	5900
2837	5901
2838	38666
2839	38672
2840	22291
2841	38676
2842	5910
2843	22296
2844	22300
2845	38684
2846	38692
2847	38693
2848	22310
2849	22311
2850	5930
2851	22316
2852	22317
2853	22322
2854	5940
2855	5941
2856	5942
2857	5943
2858	22326
2859	22331
2860	22335
2861	22336
2862	38722
2863	22342
2864	22346
2865	22347
2866	22351
2867	22352
2868	22358
2869	22359
2870	22360
2871	38744
2872	38746
2873	22364
2874	22369
2875	5985
2876	22370
2877	5986
2878	5989
2879	22373
2880	22379
2881	38765
2882	22385
2883	22388
2884	6007
2885	38775
2886	22394
2887	6011
2888	22396
2889	22397
2890	6012
2891	38779
2892	22401
2893	22406
2894	22407
2895	6027
2896	6028
2897	6041
2898	6042
2899	6043
2900	6046
2901	22433
2902	22435
2903	6053
2904	22438
2905	6059
2906	22443
2907	6061
2908	6060
2909	22450
2910	6068
2911	6071
2912	22458
2913	6079
2914	6083
2915	6084
2916	6085
2917	6091
2918	22479
2919	22480
2920	22481
2921	6105
2922	22491
2923	22492
2924	6107
2925	22496
2926	38881
2927	22499
2928	6122
2929	6123
2930	22512
2931	6129
2932	6130
2933	22521
2934	38911
2935	22529
2936	38916
2937	6149
2938	22535
2939	6152
2940	22541
2941	22546
2942	6163
2943	6164
2944	22547
2945	22551
2946	22552
2947	22553
2948	22556
2949	6173
2950	22558
2951	38941
2952	6181
2953	6188
2954	22575
2955	38960
2956	22577
2957	6195
2958	22580
2959	6199
2960	22587
2961	6211
2962	22599
2963	22601
2964	6217
2965	38985
2966	6220
2967	22605
2968	22608
2969	22611
2970	22612
2971	39003
2972	22620
2973	22621
2974	6238
2975	6239
2976	22622
2977	6242
2978	6243
2979	6244
2980	22628
2981	39015
2982	6249
2983	39017
2984	6252
2985	39022
2986	22643
2987	22644
2988	6262
2989	6263
2990	22648
2991	39036
2992	6269
2993	6270
2994	22655
2995	22656
2996	22659
2997	6277
2998	6278
2999	6280
3000	22670
3001	6291
3002	22682
3003	22684
3004	22685
3005	6304
3006	6305
3007	22689
3008	22690
3009	39077
3010	22695
3011	22705
3012	22711
3013	22716
3014	6336
3015	6337
3016	22721
3017	22722
3018	6340
3019	22725
3020	22726
3021	22732
3022	6350
3023	22735
3024	22738
3025	22739
3026	6355
3027	22741
3028	22749
3029	39140
3030	22759
3031	6377
3032	22761
3033	6382
3034	6383
3035	22772
3036	6394
3037	6395
3038	6396
3039	39168
3040	6401
3041	6402
3042	22788
3043	22790
3044	22794
3045	22795
3046	22800
3047	6421
3048	22808
3049	22809
3050	6424
3051	6432
3052	6433
3053	22820
3054	22821
3055	39204
3056	6438
3057	22824
3058	39208
3059	6443
3060	30589
3061	6445
3062	22836
3063	22837
3064	22839
3065	6459
3066	22845
3067	6471
3068	22858
3069	22859
3070	22861
3071	39248
3072	22868
3073	22870
3074	22871
3075	6489
3076	6491
3077	6492
3078	22886
3079	6503
3080	6506
3081	6509
3082	6510
3083	22893
3084	6511
3085	6513
3086	6514
3087	6515
3088	6512
3089	22904
3090	39298
3091	39305
3092	6543
3093	6544
3094	22927
3095	6547
3096	22937
3097	22942
3098	6563
3099	6569
3100	39342
3101	22959
3102	6577
3103	39348
3104	6582
3105	22967
3106	22966
3107	22973
3108	22974
3109	22975
3110	22976
3111	6593
3112	22980
3113	22981
3114	6598
3115	6599
3116	22986
3117	39371
3118	6609
3119	39377
3120	22998
3121	22999
3122	23000
3123	23006
3124	6623
3125	6624
3126	6622
3127	23010
3128	6627
3129	23013
3130	23014
3131	23018
3132	23020
3133	6638
3134	23027
3135	6650
3136	23036
3137	23037
3138	6652
3139	23040
3140	6661
3141	23046
3142	6662
3143	23047
3144	23048
3145	6666
3146	6667
3147	6668
3148	23050
3149	6670
3150	23052
3151	6673
3152	6675
3153	23061
3154	23063
3155	23064
3156	23065
3157	39447
3158	23070
3159	6687
3160	6688
3161	23071
3162	23072
3163	23073
3164	39461
3165	6696
3166	23080
3167	6700
3168	6701
3169	23094
3170	23095
3171	6720
3172	23105
3173	23106
3174	23110
3175	23115
3176	6731
3177	23122
3178	23123
3179	23124
3180	39506
3181	39513
3182	6747
3183	6750
3184	23135
3185	23136
3186	6751
3187	23138
3188	23139
3189	6757
3190	23144
3191	23145
3192	39529
3193	39532
3194	23150
3195	39536
3196	6771
3197	39541
3198	6774
3199	23159
3200	23165
3201	6784
3202	6785
3203	39554
3204	23177
3205	23178
3206	23179
3207	39565
3208	6798
3209	6800
3210	6801
3211	23184
3212	23185
3213	6802
3214	39572
3215	6808
3216	23194
3217	6814
3218	6819
3219	23204
3220	23206
3221	6825
3222	6826
3223	6827
3224	39596
3225	23214
3226	39602
3227	39604
3228	6839
3229	6840
3230	6841
3231	6842
3232	23231
3233	23232
3234	6847
3235	39615
3236	6852
3237	6853
3238	23236
3239	6857
3240	6858
3241	6859
3242	23248
3243	6865
3244	6864
3245	23256
3246	6873
3247	6874
3248	23258
3249	23260
3250	6877
3251	6878
3252	23264
3253	39650
3254	23269
3255	23270
3256	23272
3257	23273
3258	23274
3259	23275
3260	39661
3261	6894
3262	6895
3263	23293
3264	23294
3265	39681
3266	23298
3267	23299
3268	6917
3269	6920
3270	23305
3271	6923
3272	6924
3273	6925
3274	6926
3275	6927
3276	6928
3277	6929
3278	6930
3279	23312
3280	23313
3281	39696
3282	23314
3283	23319
3284	6931
3285	23321
3286	23318
3287	6941
3288	23327
3289	6947
3290	6948
3291	6957
3292	6958
3293	39726
3294	6962
3295	23356
3296	23361
3297	23362
3298	6980
3299	6983
3300	6984
3301	6985
3302	6986
3303	23371
3304	23370
3305	23375
3306	23377
3307	23380
3308	23381
3309	6997
3310	23391
3311	7011
3312	23396
3313	23397
3314	7021
3315	23407
3316	39797
3317	23416
3318	7035
3319	7038
3320	23423
3321	7042
3322	7043
3323	23429
3324	23430
3325	23435
3326	39819
3327	23446
3328	23450
3329	7069
3330	23456
3331	23457
3332	23458
3333	7081
3334	23467
3335	23469
3336	23470
3337	23473
3338	7090
3339	7091
3340	23476
3341	23477
3342	7093
3343	7092
3344	7097
3345	23481
3346	7099
3347	7100
3348	7101
3349	23482
3350	23485
3351	7098
3352	23489
3353	23486
3354	23494
3355	7128
3356	7129
3357	7141
3358	7146
3359	7147
3360	23531
3361	23533
3362	7159
3363	7160
3364	7164
3365	7168
3366	23553
3367	23554
3368	7172
3369	7173
3370	23559
3371	39948
3372	23565
3373	23568
3374	23569
3375	7185
3376	23572
3377	7190
3378	23575
3379	23577
3380	23582
3381	39971
3382	7209
3383	7212
3384	23597
3385	23596
3386	23599
3387	7216
3388	23600
3389	23601
3390	23607
3391	7224
3392	23610
3393	7227
3394	7228
3395	7229
3396	7230
3397	23613
3398	23614
3399	23617
3400	23615
3401	7231
3402	7242
3403	23626
3404	7246
3405	7251
3406	7253
3407	7254
3408	23639
3409	23643
3410	7260
3411	7261
3412	7263
3413	7264
3414	23648
3415	23649
3416	23654
3417	23657
3418	7273
3419	23659
3420	7276
3421	23660
3422	23663
3423	7282
3424	7285
3425	7286
3426	40054
3427	40063
3428	7297
3429	7298
3430	7299
3431	23682
3432	40067
3433	7302
3434	7303
3435	40068
3436	23689
3437	40073
3438	7309
3439	7310
3440	7311
3441	23693
3442	23695
3443	23699
3444	40085
3445	7319
3446	7320
3447	7321
3448	23706
3449	23707
3450	40090
3451	23709
3452	7326
3453	7324
3454	23713
3455	23718
3456	23721
3457	23722
3458	7340
3459	23734
3460	40118
3461	23735
3462	40120
3463	7356
3464	23743
3465	23744
3466	7361
3467	7362
3468	23747
3469	23750
3470	7370
3471	23756
3472	23757
3473	7377
3474	40145
3475	7379
3476	7396
3477	7397
3478	23781
3479	23780
3480	7401
3481	23792
3482	23793
3483	23794
3484	23795
3485	7418
3486	7419
3487	7423
3488	7430
3489	7435
3490	7448
3491	23838
3492	7455
3493	23839
3494	23841
3495	7461
3496	7462
3497	7463
3498	7465
3499	7466
3500	23850
3501	23851
3502	40237
3503	23854
3504	40243
3505	7477
3506	7484
3507	23870
3508	23871
3509	7489
3510	23874
3511	7494
3512	7495
3513	23879
3514	7497
3515	7498
3516	7499
3517	40265
3518	23887
3519	23888
3520	23891
3521	23894
3522	7511
3523	7512
3524	40283
3525	23902
3526	23905
3527	7522
3528	23913
3529	23914
3530	23917
3531	23919
3532	23922
3533	23926
3534	23927
3535	23928
3536	7545
3537	7546
3538	40322
3539	23939
3540	7555
3541	23943
3542	23944
3543	7559
3544	7563
3545	7564
3546	7565
3547	7566
3548	23953
3549	7574
3550	7575
3551	23958
3552	7578
3553	40349
3554	7583
3555	7586
3556	23970
3557	23974
3558	40358
3559	23976
3560	7594
3561	23979
3562	7597
3563	7598
3564	7601
3565	23985
3566	7603
3567	7604
3568	40371
3569	23992
3570	23993
3571	23995
3572	23998
3573	7618
3574	24005
3575	24012
3576	24015
3577	24023
3578	24024
3579	24025
3580	7645
3581	7646
3582	7647
3583	24032
3584	40414
3585	40415
3586	7651
3587	7652
3588	24045
3589	24046
3590	24048
3591	7665
3592	7666
3593	24049
3594	24050
3595	24054
3596	7673
3597	7674
3598	7685
3599	24069
3600	7688
3601	40457
3602	7693
3603	24078
3604	40464
3605	40467
3606	24084
3607	24086
3608	7702
3609	7705
3610	7706
3611	24092
3612	7711
3613	24096
3614	24097
3615	7717
3616	7718
3617	7719
3618	24101
3619	24105
3620	7723
3621	7724
3622	7725
3623	7726
3624	24113
3625	24114
3626	7733
3627	24124
3628	24126
3629	7746
3630	7747
3631	7758
3632	7759
3633	24144
3634	24149
3635	24150
3636	24151
3637	7768
3638	24153
3639	7776
3640	7777
3641	24165
3642	7782
3643	7783
3644	24166
3645	7801
3646	7804
3647	24191
3648	7811
3649	7813
3650	24201
3651	7818
3652	7819
3653	24202
3654	24204
3655	24205
3656	40589
3657	24208
3658	24211
3659	7827
3660	24213
3661	24214
3662	24219
3663	40605
3664	24223
3665	7840
3666	7841
3667	7842
3668	7843
3669	24227
3670	24229
3671	7853
3672	24237
3673	24238
3674	40624
3675	24241
3676	24242
3677	7861
3678	7862
3679	24247
3680	7866
3681	7868
3682	24254
3683	24255
3684	24256
3685	7873
3686	7874
3687	7875
3688	7879
3689	7893
3690	7894
3691	24277
3692	24278
3693	24283
3694	24288
3695	7908
3696	7909
3697	24293
3698	7919
3699	24305
3700	7922
3701	7923
3702	40694
3703	24312
3704	24313
3705	7931
3706	7932
3707	24316
3708	7934
3709	24318
3710	24323
3711	7940
3712	24324
3713	40710
3714	24332
3715	7949
3716	24333
3717	7952
3718	24337
3719	7954
3720	7955
3721	24338
3722	24342
3723	7962
3724	24347
3725	24357
3726	7975
3727	7976
3728	7977
3729	7978
3730	7979
3731	7985
3732	7986
3733	24372
3734	24373
3735	24374
3736	7993
3737	24381
3738	8006
3739	8007
3740	24391
3741	24392
3742	8009
3743	24405
3744	24406
3745	8021
3746	8023
3747	8031
3748	8032
3749	24418
3750	8035
3751	8036
3752	24419
3753	24420
3754	8042
3755	8043
3756	8044
3757	24428
3758	24430
3759	8053
3760	8056
3761	8057
3762	8058
3763	8059
3764	24445
3765	8064
3766	8065
3767	8066
3768	8067
3769	24449
3770	8068
3771	8073
3772	8074
3773	24459
3774	24462
3775	24463
3776	8080
3777	8081
3778	8082
3779	24464
3780	24465
3781	8086
3782	8087
3783	8090
3784	8091
3785	24478
3786	8095
3787	8094
3788	8101
3789	24486
3790	24492
3791	24493
3792	24497
3793	8114
3794	24498
3795	8120
3796	8121
3797	8125
3798	8126
3799	8127
3800	24513
3801	24514
3802	8129
3803	24519
3804	8139
3805	24526
3806	24529
3807	24530
3808	24532
3809	24533
3810	24540
3811	8157
3812	24543
3813	8162
3814	8163
3815	8166
3816	8167
3817	24556
3818	24557
3819	8174
3820	24560
3821	24561
3822	8181
3823	8182
3824	8183
3825	24568
3826	8184
3827	24565
3828	24567
3829	8190
3830	8196
3831	24581
3832	24583
3833	24584
3834	24585
3835	24591
3836	8209
3837	8212
3838	8213
3839	24599
3840	24602
3841	24608
3842	24609
3843	24611
3844	8228
3845	8229
3846	24618
3847	24620
3848	24624
3849	24625
3850	24626
3851	24627
3852	8245
3853	8246
3854	24631
3855	24632
3856	8249
3857	24634
3858	24637
3859	8258
3860	24644
3861	8265
3862	8266
3863	24660
3864	24661
3865	8279
3866	24665
3867	8283
3868	8284
3869	24670
3870	8287
3871	8288
3872	24671
3873	24678
3874	8297
3875	24682
3876	24686
3877	8303
3878	24689
3879	24693
3880	24694
3881	8311
3882	8312
3883	8310
3884	24698
3885	8315
3886	8316
3887	8314
3888	24713
3889	8332
3890	24718
3891	24719
3892	8336
3893	8335
3894	24720
3895	8339
3896	8340
3897	24737
3898	8357
3899	8358
3900	24744
3901	24746
3902	8363
3903	8364
3904	8365
3905	8367
3906	8368
3907	24758
3908	8375
3909	8376
3910	8380
3911	24770
3912	24771
3913	24772
3914	24773
3915	8387
3916	8391
3917	8392
3918	24776
3919	8396
3920	24786
3921	24798
3922	8418
3923	24803
3924	24805
3925	8422
3926	8423
3927	8426
3928	8427
3929	8428
3930	24813
3931	24814
3932	24817
3933	24818
3934	24821
3935	24825
3936	8446
3937	24831
3938	8449
3939	8450
3940	24835
3941	24836
3942	24833
3943	24839
3944	24843
3945	8468
3946	24852
3947	8469
3948	24858
3949	8476
3950	8477
3951	24868
3952	24869
3953	8490
3954	8491
3955	24877
3956	8495
3957	8497
3958	24881
3959	24882
3960	24883
3961	24884
3962	8505
3963	8506
3964	24892
3965	24893
3966	24894
3967	8514
3968	8515
3969	8518
3970	8519
3971	24907
3972	8525
3973	24912
3974	24913
3975	8529
3976	8535
3977	8536
3978	24921
3979	8539
3980	8540
3981	8549
3982	8552
3983	24939
3984	24941
3985	24942
3986	8561
3987	24948
3988	24949
3989	24952
3990	24960
3991	24962
3992	8579
3993	8580
3994	24964
3995	8585
3996	8586
3997	24970
3998	24978
3999	24994
4000	8612
4001	8613
4002	24996
4003	24997
4004	8616
4005	24998
4006	24999
4007	8617
4008	8618
4009	25002
4010	8622
4011	25007
4012	8624
4013	8629
4014	8630
4015	8638
4016	25027
4017	25028
4018	8647
4019	25033
4020	8653
4021	8654
4022	8656
4023	25042
4024	8661
4025	8662
4026	25046
4027	8666
4028	25053
4029	8672
4030	8673
4031	8674
4032	25056
4033	25060
4034	8679
4035	25066
4036	8690
4037	25074
4038	25076
4039	25077
4040	8692
4041	8696
4042	8701
4043	8702
4044	8708
4045	8711
4046	8726
4047	8727
4048	25112
4049	8730
4050	8737
4051	25128
4052	8746
4053	8747
4054	25134
4055	8752
4056	8753
4057	25142
4058	25144
4059	8766
4060	8767
4061	8771
4062	8772
4063	8775
4064	8781
4065	25168
4066	8789
4067	25174
4068	25175
4069	8796
4070	8797
4071	25181
4072	8801
4073	25187
4074	8804
4075	25193
4076	25199
4077	25200
4078	25201
4079	8822
4080	8823
4081	8824
4082	25206
4083	25210
4084	25212
4085	25226
4086	8843
4087	8844
4088	25228
4089	25230
4090	25236
4091	8853
4092	8862
4093	25246
4094	8866
4095	8869
4096	25253
4097	25255
4098	25256
4099	25257
4100	25260
4101	25261
4102	25266
4103	25268
4104	25269
4105	25272
4106	25277
4107	8893
4108	25281
4109	25282
4110	25283
4111	8902
4112	25287
4113	25289
4114	8908
4115	25292
4116	8915
4117	8916
4118	25304
4119	25305
4120	25312
4121	25313
4122	8929
4123	8934
4124	25323
4125	8944
4126	25330
4127	8947
4128	25333
4129	25342
4130	8962
4131	25346
4132	8963
4133	8965
4134	25351
4135	8970
4136	8971
4137	25355
4138	25358
4139	25361
4140	8979
4141	25370
4142	25379
4143	25380
4144	25381
4145	25383
4146	25397
4147	9016
4148	25407
4149	25412
4150	9030
4151	9031
4152	9032
4153	25415
4154	9036
4155	9044
4156	9049
4157	25436
4158	25439
4159	9063
4160	25452
4161	9074
4162	9075
4163	25462
4164	25466
4165	9083
4166	25471
4167	25472
4168	9089
4169	25475
4170	25476
4171	25477
4172	9097
4173	9098
4174	25481
4175	9100
4176	9102
4177	25487
4178	25488
4179	25489
4180	9106
4181	9103
4182	9112
4183	9114
4184	9115
4185	9116
4186	9117
4187	25500
4188	9120
4189	9127
4190	9128
4191	9129
4192	9130
4193	25511
4194	9131
4195	25513
4196	9135
4197	9137
4198	25523
4199	9150
4200	25534
4201	25535
4202	25536
4203	9156
4204	25543
4205	9161
4206	9162
4207	25551
4208	25552
4209	25553
4210	9171
4211	9172
4212	25557
4213	25558
4214	9175
4215	9173
4216	25561
4217	25566
4218	9183
4219	25569
4220	25572
4221	9193
4222	9197
4223	9198
4224	25582
4225	25586
4226	9205
4227	25592
4228	25596
4229	9214
4230	25599
4231	25601
4232	25602
4233	9219
4234	9220
4235	25603
4236	9226
4237	25619
4238	9240
4239	25627
4240	25628
4241	25634
4242	25635
4243	9254
4244	25638
4245	9255
4246	9258
4247	25644
4248	9264
4249	9265
4250	9269
4251	9271
4252	25657
4253	9278
4254	9279
4255	25662
4256	9281
4257	25665
4258	9284
4259	9285
4260	25671
4261	25672
4262	25674
4263	25675
4264	25681
4265	9298
4266	9299
4267	9305
4268	25693
4269	25696
4270	9316
4271	9318
4272	9320
4273	9321
4274	25706
4275	9323
4276	9328
4277	9329
4278	25716
4279	9336
4280	9337
4281	25721
4282	25723
4283	9340
4284	25724
4285	9345
4286	9347
4287	25731
4288	25749
4289	25750
4290	25755
4291	25756
4292	9377
4293	9378
4294	9379
4295	25763
4296	25767
4297	9385
4298	25769
4299	9392
4300	9393
4301	9396
4302	9397
4303	25782
4304	9399
4305	25786
4306	25787
4307	25788
4308	25795
4309	25801
4310	25802
4311	25807
4312	25808
4313	9425
4314	25811
4315	25812
4316	9434
4317	25819
4318	9443
4319	9444
4320	25831
4321	9448
4322	25833
4323	9455
4324	25843
4325	9461
4326	9462
4327	25856
4328	25857
4329	25862
4330	25863
4331	9482
4332	9483
4333	25868
4334	9487
4335	9488
4336	25871
4337	25878
4338	25880
4339	25882
4340	9504
4341	9507
4342	9508
4343	25892
4344	25896
4345	9513
4346	9516
4347	25901
4348	25905
4349	9522
4350	9523
4351	25908
4352	25907
4353	9530
4354	9531
4355	9535
4356	9536
4357	9540
4358	9542
4359	9543
4360	9544
4361	25930
4362	9547
4363	9552
4364	9557
4365	25942
4366	9561
4367	9562
4368	9563
4369	25950
4370	25952
4371	9569
4372	9570
4373	9575
4374	25959
4375	25964
4376	9588
4377	25972
4378	9598
4379	25984
4380	9606
4381	9617
4382	9618
4383	9619
4384	9622
4385	9624
4386	26009
4387	9626
4388	9625
4389	26010
4390	26017
4391	9635
4392	26019
4393	26020
4394	26024
4395	26025
4396	9644
4397	9646
4398	9648
4399	9649
4400	26034
4401	9651
4402	9652
4403	9650
4404	26038
4405	9655
4406	9663
4407	26048
4408	26049
4409	26052
4410	9669
4411	9671
4412	26056
4413	26057
4414	26059
4415	26060
4416	9677
4417	9681
4418	9682
4419	9683
4420	26070
4421	9687
4422	26073
4423	26079
4424	9696
4425	9697
4426	9695
4427	9699
4428	9700
4429	26083
4430	26084
4431	26087
4432	9704
4433	9705
4434	9706
4435	26098
4436	26099
4437	9714
4438	9717
4439	9718
4440	26103
4441	26107
4442	26109
4443	26116
4444	9737
4445	26122
4446	26123
4447	26134
4448	9752
4449	9764
4450	26155
4451	26164
4452	9781
4453	26167
4454	9784
4455	9792
4456	9793
4457	9794
4458	9795
4459	9796
4460	9797
4461	26179
4462	9803
4463	26191
4464	26192
4465	26193
4466	9811
4467	9812
4468	9817
4469	9822
4470	9831
4471	26215
4472	26216
4473	9833
4474	26221
4475	26222
4476	26224
4477	26227
4478	26228
4479	9844
4480	9848
4481	9849
4482	26233
4483	26239
4484	26240
4485	9855
4486	9863
4487	26247
4488	9865
4489	26250
4490	9868
4491	9869
4492	26253
4493	26252
4494	26256
4495	26259
4496	26262
4497	26263
4498	9882
4499	26268
4500	26269
4501	26272
4502	9892
4503	26276
4504	26280
4505	9897
4506	9898
4507	9899
4508	26281
4509	9909
4510	9910
4511	26293
4512	26294
4513	9913
4514	26295
4515	9915
4516	9916
4517	9922
4518	9925
4519	26312
4520	26314
4521	26315
4522	9933
4523	26318
4524	26319
4525	26320
4526	9937
4527	9938
4528	9936
4529	26326
4530	9943
4531	9946
4532	26336
4533	26337
4534	26338
4535	26340
4536	26342
4537	9963
4538	26363
4539	26365
4540	9983
4541	9984
4542	26379
4543	9996
4544	26380
4545	9999
4546	10005
4547	26395
4548	26396
4549	10015
4550	26400
4551	26401
4552	10019
4553	10020
4554	10021
4555	10022
4556	10023
4557	26404
4558	26409
4559	10027
4560	26411
4561	26414
4562	10036
4563	10037
4564	26424
4565	26425
4566	26436
4567	10052
4568	26439
4569	10065
4570	10066
4571	10067
4572	10068
4573	26453
4574	10073
4575	26458
4576	26466
4577	10083
4578	10084
4579	26470
4580	26471
4581	26473
4582	26474
4583	26478
4584	10097
4585	10103
4586	10104
4587	26487
4588	26488
4589	26489
4590	26498
4591	26499
4592	10117
4593	10122
4594	10125
4595	26511
4596	10128
4597	26515
4598	26516
4599	10132
4600	10137
4601	10138
4602	10141
4603	10142
4604	10145
4605	10146
4606	26532
4607	10152
4608	10153
4609	26546
4610	26548
4611	26549
4612	26553
4613	26554
4614	26555
4615	10173
4616	10174
4617	26558
4618	26561
4619	10179
4620	10180
4621	10181
4622	10185
4623	26574
4624	10191
4625	26576
4626	10194
4627	26584
4628	10206
4629	10207
4630	26591
4631	10209
4632	26594
4633	26593
4634	26597
4635	26598
4636	26599
4637	26602
4638	10222
4639	10223
4640	26612
4641	10231
4642	10233
4643	26618
4644	26620
4645	10236
4646	26626
4647	26631
4648	10248
4649	10249
4650	26634
4651	26635
4652	26638
4653	26640
4654	26641
4655	10258
4656	26643
4657	26642
4658	10257
4659	10261
4660	26651
4661	10269
4662	26660
4663	26663
4664	26664
4665	26666
4666	26669
4667	26670
4668	10287
4669	10288
4670	26672
4671	10290
4672	26679
4673	10296
4674	10297
4675	10298
4676	26682
4677	26683
4678	10302
4679	26687
4680	10307
4681	26693
4682	26694
4683	26695
4684	10313
4685	10318
4686	10319
4687	26703
4688	26704
4689	26706
4690	10324
4691	26715
4692	26716
4693	26717
4694	10337
4695	26727
4696	10344
4697	26728
4698	26735
4699	26737
4700	26738
4701	10358
4702	26745
4703	10362
4704	26746
4705	10364
4706	26751
4707	26757
4708	26758
4709	10381
4710	10382
4711	10383
4712	10384
4713	26769
4714	10388
4715	10389
4716	10392
4717	10393
4718	10394
4719	26778
4720	10397
4721	26781
4722	10403
4723	10404
4724	10405
4725	10406
4726	26794
4727	10410
4728	26796
4729	26797
4730	10411
4731	26799
4732	10414
4733	26806
4734	10425
4735	10426
4736	26809
4737	26810
4738	10430
4739	10431
4740	26817
4741	10435
4742	10438
4743	10439
4744	10443
4745	10444
4746	10445
4747	10446
4748	26827
4749	10450
4750	10451
4751	26835
4752	26836
4753	10458
4754	26845
4755	26846
4756	10463
4757	26851
4758	10470
4759	10471
4760	26860
4761	26861
4762	10477
4763	10476
4764	10484
4765	10485
4766	10489
4767	26877
4768	26884
4769	10501
4770	10502
4771	26887
4772	10505
4773	10506
4774	26889
4775	10514
4776	10518
4777	26906
4778	10539
4779	10540
4780	26925
4781	26926
4782	26924
4783	26930
4784	10547
4785	26932
4786	26934
4787	10552
4788	26937
4789	26938
4790	26939
4791	10557
4792	26943
4793	10562
4794	26946
4795	10565
4796	10566
4797	26950
4798	26955
4799	10573
4800	26957
4801	26959
4802	10584
4803	10586
4804	10587
4805	10588
4806	26972
4807	26973
4808	26971
4809	26970
4810	10591
4811	26980
4812	26982
4813	10604
4814	26991
4815	26993
4816	10613
4817	26997
4818	27000
4819	27001
4820	27003
4821	10620
4822	27005
4823	10623
4824	10624
4825	10636
4826	27021
4827	27024
4828	27026
4829	10646
4830	10647
4831	10652
4832	27044
4833	10665
4834	27052
4835	27057
4836	27061
4837	10678
4838	27062
4839	27070
4840	10687
4841	27073
4842	10690
4843	10693
4844	27077
4845	27084
4846	27085
4847	10700
4848	10704
4849	27089
4850	27090
4851	27091
4852	27092
4853	27093
4854	10708
4855	10711
4856	10713
4857	27097
4858	27100
4859	27101
4860	27103
4861	27104
4862	10721
4863	10725
4864	10726
4865	10729
4866	10730
4867	27117
4868	10735
4869	10736
4870	10737
4871	10741
4872	10745
4873	10751
4874	10752
4875	10755
4876	10756
4877	27141
4878	10764
4879	10768
4880	27152
4881	10771
4882	27157
4883	27158
4884	27160
4885	27162
4886	10779
4887	10780
4888	27164
4889	10781
4890	27165
4891	10782
4892	27168
4893	10792
4894	10794
4895	27180
4896	27186
4897	10808
4898	27195
4899	10814
4900	10815
4901	10816
4902	10817
4903	27201
4904	10819
4905	27211
4906	10828
4907	10829
4908	10831
4909	27221
4910	27226
4911	10843
4912	10849
4913	27234
4914	10854
4915	27243
4916	27244
4917	27248
4918	27249
4919	27250
4920	27251
4921	10866
4922	27257
4923	27259
4924	10878
4925	27264
4926	27265
4927	10883
4928	10884
4929	27271
4930	27276
4931	10898
4932	10899
4933	10902
4934	10903
4935	27287
4936	27286
4937	10906
4938	10907
4939	27288
4940	27289
4941	27296
4942	27299
4943	27307
4944	10925
4945	10926
4946	10927
4947	27311
4948	27314
4949	27317
4950	27318
4951	27319
4952	27320
4953	10940
4954	10941
4955	10943
4956	10944
4957	27333
4958	10952
4959	27338
4960	10955
4961	27339
4962	10956
4963	10968
4964	27352
4965	27353
4966	27354
4967	10972
4968	10973
4969	10974
4970	27355
4971	27361
4972	27362
4973	10980
4974	10981
4975	10982
4976	10983
4977	27371
4978	27373
4979	27374
4980	27375
4981	27376
4982	10989
4983	27384
4984	11004
4985	27403
4986	27404
4987	11021
4988	11020
4989	27408
4990	27409
4991	11026
4992	11031
4993	11033
4994	11034
4995	27423
4996	27424
4997	27427
4998	11045
4999	27430
5000	27432
5001	27433
5002	27438
5003	11054
5004	27440
5005	27443
5006	27447
5007	27450
5008	27458
5009	27459
5010	11075
5011	27463
5012	11082
5013	27473
5014	27479
5015	27500
5016	27501
5017	27502
5018	27503
5019	27504
5020	27506
5021	27515
5022	27519
5023	27520
5024	11138
5025	11140
5026	11141
5027	11142
5028	11143
5029	11145
5030	27531
5031	11148
5032	27535
5033	11158
5034	11159
5035	11160
5036	27542
5037	27545
5038	27546
5039	11167
5040	27553
5041	11173
5042	11175
5043	27562
5044	11184
5045	27572
5046	27573
5047	27581
5048	27582
5049	27585
5050	27592
5051	27594
5052	27598
5053	11215
5054	11216
5055	11219
5056	27610
5057	27615
5058	11237
5059	27624
5060	11241
5061	11245
5062	11246
5063	27629
5064	11252
5065	11253
5066	11259
5067	27646
5068	27648
5069	27651
5070	27652
5071	11270
5072	27660
5073	27661
5074	27662
5075	11280
5076	11281
5077	27667
5078	11284
5079	11285
5080	27671
5081	27673
5082	11291
5083	11292
5084	27680
5085	27681
5086	11302
5087	27687
5088	27688
5089	11310
5090	27695
5091	27702
5092	11319
5093	11320
5094	27712
5095	11329
5096	11330
5097	27715
5098	27717
5099	27718
5100	11339
5101	27724
5102	11342
5103	11343
5104	27733
5105	11350
5106	11351
5107	27735
5108	11353
5109	27736
5110	27734
5111	27740
5112	11354
5113	27739
5114	27745
5115	11364
5116	27751
5117	11371
5118	27757
5119	27764
5120	27770
5121	11397
5122	27781
5123	27783
5124	27782
5125	27789
5126	11408
5127	27792
5128	27800
5129	11418
5130	11421
5131	11422
5132	27809
5133	11427
5134	27813
5135	27816
5136	11436
5137	11437
5138	27825
5139	27831
5140	27832
5141	11455
5142	11456
5143	27841
5144	11459
5145	11460
5146	11461
5147	11462
5148	27845
5149	11470
5150	11472
5151	27860
5152	27861
5153	11478
5154	27863
5155	27873
5156	27877
5157	11496
5158	11497
5159	27883
5160	11500
5161	11501
5162	27890
5163	27892
5164	27896
5165	11513
5166	11514
5167	11520
5168	27910
5169	27912
5170	11529
5171	11530
5172	27916
5173	27923
5174	11541
5175	11543
5176	11544
5177	27929
5178	11549
5179	11551
5180	11552
5181	27935
5182	27936
5183	27941
5184	27942
5185	27951
5186	11569
5187	27961
5188	27963
5189	27964
5190	27976
5191	27977
5192	11594
5193	27981
5194	11600
5195	27988
5196	11605
5197	27989
5198	27991
5199	27992
5200	27994
5201	27995
5202	11611
5203	27997
5204	11613
5205	28000
5206	11627
5207	11635
5208	28020
5209	28025
5210	28028
5211	11646
5212	28030
5213	28034
5214	11653
5215	28037
5216	28038
5217	11654
5218	11662
5219	11663
5220	28049
5221	28051
5222	28052
5223	11673
5224	28057
5225	11678
5226	28064
5227	11683
5228	28069
5229	28070
5230	11686
5231	28075
5232	11695
5233	11696
5234	28080
5235	11698
5236	28081
5237	28085
5238	28087
5239	28089
5240	28090
5241	11707
5242	11708
5243	28093
5244	11713
5245	11718
5246	28103
5247	28114
5248	11738
5249	11739
5250	11743
5251	28127
5252	28128
5253	28131
5254	28132
5255	28133
5256	11750
5257	11749
5258	11752
5259	28137
5260	11756
5261	11760
5262	28146
5263	28147
5264	28148
5265	28150
5266	11770
5267	28155
5268	11773
5269	11774
5270	28159
5271	28161
5272	28162
5273	28163
5274	28166
5275	28167
5276	28171
5277	28172
5278	11793
5279	11794
5280	11796
5281	11800
5282	11801
5283	11804
5284	11805
5285	28196
5286	28197
5287	28199
5288	28202
5289	28203
5290	28204
5291	28209
5292	28210
5293	28211
5294	11830
5295	11832
5296	11833
5297	11834
5298	28218
5299	11837
5300	11838
5301	28221
5302	28222
5303	11841
5304	11842
5305	28226
5306	28228
5307	11846
5308	28231
5309	28232
5310	11850
5311	11855
5312	28240
5313	28245
5314	28246
5315	28247
5316	28250
5317	11868
5318	11869
5319	28265
5320	28266
5321	11883
5322	11885
5323	11886
5324	28270
5325	28275
5326	28279
5327	11901
5328	11902
5329	11903
5330	11904
5331	11905
5332	11906
5333	28287
5334	28289
5335	28290
5336	28291
5337	11907
5338	11912
5339	11913
5340	28302
5341	11919
5342	11920
5343	28305
5344	28306
5345	11922
5346	28314
5347	11932
5348	11933
5349	28316
5350	28318
5351	28323
5352	11940
5353	28325
5354	11942
5355	11950
5356	28336
5357	11956
5358	11957
5359	28342
5360	28343
5361	11960
5362	11962
5363	11967
5364	11968
5365	28353
5366	28358
5367	28362
5368	28364
5369	11982
5370	28371
5371	11988
5372	11989
5373	28393
5374	28394
5375	12012
5376	12013
5377	28398
5378	28403
5379	28404
5380	28406
5381	12032
5382	28420
5383	12036
5384	28424
5385	28425
5386	12043
5387	28429
5388	28430
5389	12048
5390	12049
5391	12053
5392	28443
5393	28449
5394	28451
5395	12075
5396	28463
5397	12080
5398	12081
5399	12082
5400	28466
5401	12084
5402	28467
5403	28468
5404	28471
5405	12088
5406	12095
5407	28487
5408	12104
5409	12105
5410	12106
5411	12107
5412	28490
5413	28493
5414	28494
5415	28495
5416	28505
5417	28506
5418	28516
5419	12134
5420	28519
5421	12144
5422	12145
5423	12146
5424	12147
5425	12152
5426	28538
5427	12155
5428	28541
5429	28542
5430	12163
5431	12164
5432	28551
5433	28552
5434	12169
5435	12170
5436	28553
5437	28557
5438	12178
5439	28565
5440	12184
5441	28569
5442	28568
5443	28571
5444	12188
5445	12189
5446	28573
5447	28574
5448	12200
5449	12201
5450	28584
5451	28589
5452	28593
5453	12212
5454	28599
5455	28603
5456	28606
5457	12223
5458	28607
5459	28608
5460	28609
5461	28617
5462	28618
5463	12234
5464	28621
5465	28622
5466	12239
5467	12246
5468	12249
5469	12251
5470	28635
5471	28637
5472	12259
5473	28643
5474	12262
5475	12263
5476	28649
5477	12266
5478	12267
5479	28651
5480	28654
5481	28656
5482	28657
5483	12272
5484	12275
5485	12273
5486	12279
5487	28665
5488	28666
5489	12286
5490	12293
5491	12302
5492	12303
5493	28695
5494	28698
5495	28701
5496	12318
5497	12319
5498	12317
5499	12321
5500	12322
5501	28706
5502	28702
5503	28707
5504	12324
5505	12323
5506	28713
5507	28717
5508	28722
5509	12341
5510	12344
5511	12345
5512	28729
5513	28731
5514	28735
5515	28741
5516	28747
5517	12365
5518	12367
5519	12368
5520	12372
5521	12373
5522	12375
5523	12376
5524	12383
5525	12384
5526	28768
5527	12388
5528	28775
5529	28776
5530	12394
5531	12395
5532	12396
5533	12397
5534	28784
5535	12401
5536	28785
5537	12404
5538	12405
5539	12406
5540	28792
5541	12409
5542	12411
5543	28796
5544	28797
5545	12416
5546	12417
5547	28801
5548	28800
5549	28807
5550	28809
5551	12428
5552	12433
5553	28829
5554	28831
5555	12450
5556	28835
5557	28838
5558	28840
5559	12462
5560	12466
5561	12467
5562	28850
5563	28851
5564	12471
5565	12472
5566	28863
5567	12481
5568	12482
5569	28867
5570	12484
5571	28869
5572	28870
5573	12498
5574	12499
5575	28885
5576	12502
5577	12506
5578	28891
5579	28893
5580	28898
5581	28900
5582	28901
5583	28903
5584	28906
5585	28917
5586	12537
5587	12538
5588	28923
5589	12542
5590	28928
5591	12545
5592	12546
5593	28932
5594	28933
5595	28939
5596	28940
5597	12558
5598	28946
5599	28947
5600	12569
5601	12570
5602	28964
5603	12582
5604	28969
5605	28972
5606	12589
5607	12595
5608	28979
5609	12596
5610	12599
5611	12600
5612	12601
5613	12603
5614	28988
5615	12604
5616	28990
5617	12608
5618	12609
5619	28996
5620	12613
5621	28998
5622	12615
5623	12616
5624	29004
5625	12622
5626	12623
5627	12626
5628	12627
5629	29011
5630	29010
5631	29015
5632	12634
5633	29018
5634	29020
5635	29021
5636	12641
5637	29028
5638	29031
5639	12648
5640	29032
5641	12649
5642	12651
5643	12652
5644	29040
5645	29042
5646	29049
5647	29050
5648	29051
5649	12666
5650	12667
5651	29058
5652	12676
5653	12677
5654	12678
5655	29062
5656	29064
5657	29065
5658	12682
5659	29060
5660	12688
5661	12691
5662	12695
5663	29083
5664	12700
5665	29084
5666	29089
5667	12715
5668	29101
5669	29104
5670	12721
5671	12722
5672	12728
5673	12729
5674	29115
5675	29116
5676	29120
5677	29122
5678	12740
5679	29126
5680	29131
5681	29132
5682	29135
5683	12754
5684	12756
5685	29143
5686	12762
5687	29147
5688	29148
5689	29149
5690	29150
5691	29151
5692	12767
5693	29157
5694	12778
5695	12783
5696	12784
5697	12785
5698	12786
5699	12790
5700	12791
5701	29181
5702	12800
5703	12806
5704	12809
5705	12810
5706	12815
5707	12816
5708	29204
5709	29205
5710	12825
5711	12828
5712	12829
5713	29216
5714	29217
5715	12834
5716	12832
5717	29218
5718	12837
5719	29221
5720	12839
5721	29220
5722	29228
5723	29234
5724	12851
5725	12852
5726	29235
5727	29246
5728	12868
5729	29255
5730	29258
5731	29259
5732	12879
5733	12882
5734	12886
5735	12895
5736	29279
5737	29285
5738	12909
5739	29295
5740	29299
5741	12916
5742	29300
5743	12933
5744	12934
5745	29330
5746	29336
5747	12954
5748	12955
5749	29339
5750	12958
5751	29347
5752	12966
5753	12967
5754	29353
5755	29357
5756	12974
5757	12975
5758	29358
5759	29359
5760	29360
5761	12976
5762	29363
5763	29365
5764	12986
5765	12987
5766	29387
5767	29389
5768	29390
5769	29393
5770	29397
5771	29398
5772	29405
5773	29406
5774	29407
5775	13024
5776	29411
5777	29412
5778	29413
5779	13030
5780	13031
5781	13037
5782	29422
5783	13039
5784	29424
5785	13042
5786	13046
5787	29430
5788	29432
5789	13049
5790	29438
5791	13056
5792	13062
5793	13063
5794	29454
5795	13073
5796	13074
5797	13077
5798	13078
5799	13082
5800	13084
5801	13085
5802	29470
5803	29474
5804	13091
5805	13092
5806	29486
5807	13105
5808	13106
5809	13107
5810	29491
5811	29492
5812	29493
5813	29495
5814	29494
5815	13114
5816	13115
5817	13116
5818	13117
5819	13118
5820	29499
5821	13120
5822	29506
5823	13125
5824	13126
5825	29512
5826	29513
5827	13131
5828	29522
5829	29523
5830	13140
5831	13141
5832	13147
5833	13148
5834	13149
5835	29534
5836	29535
5837	29537
5838	13158
5839	29548
5840	13166
5841	13170
5842	29557
5843	13174
5844	29559
5845	29560
5846	13177
5847	29563
5848	29564
5849	13183
5850	13184
5851	29571
5852	29577
5853	29578
5854	13193
5855	29588
5856	29592
5857	29594
5858	13212
5859	13223
5860	29607
5861	29613
5862	13232
5863	13233
5864	29622
5865	13239
5866	13240
5867	13241
5868	13242
5869	29630
5870	29639
5871	13261
5872	13265
5873	29651
5874	29655
5875	13274
5876	29662
5877	29663
5878	13280
5879	29666
5880	29667
5881	13285
5882	29672
5883	29675
5884	13297
5885	29684
5886	13309
5887	13314
5888	29700
5889	13316
5890	13318
5891	13319
5892	29701
5893	29705
5894	29703
5895	29708
5896	29711
5897	13333
5898	29719
5899	29720
5900	29721
5901	13337
5902	13346
5903	29731
5904	13349
5905	13352
5906	13358
5907	13359
5908	29747
5909	29748
5910	13364
5911	29754
5912	13371
5913	13378
5914	13379
5915	13381
5916	13382
5917	13384
5918	13385
5919	13386
5920	29768
5921	13398
5922	13399
5923	29789
5924	29790
5925	29795
5926	29800
5927	29806
5928	13425
5929	29809
5930	29819
5931	29820
5932	29822
5933	29827
5934	29829
5935	29831
5936	13447
5937	29836
5938	13453
5939	29837
5940	29841
5941	13459
5942	13460
5943	13461
5944	13462
5945	29846
5946	13465
5947	13466
5948	13467
5949	29852
5950	29859
5951	13476
5952	13477
5953	13481
5954	13487
5955	29873
5956	29878
5957	29879
5958	29881
5959	13498
5960	13500
5961	13501
5962	29893
5963	13512
5964	29896
5965	29898
5966	13515
5967	29902
5968	29903
5969	13520
5970	13521
5971	29905
5972	13522
5973	13524
5974	29910
5975	29911
5976	29914
5977	13531
5978	13532
5979	29917
5980	29918
5981	29919
5982	29920
5983	29922
5984	13539
5985	13540
5986	29923
5987	13541
5988	13542
5989	29934
5990	13550
5991	29941
5992	29942
5993	29943
5994	13567
5995	13568
5996	13569
5997	13571
5998	13572
5999	29963
6000	13581
6001	29966
6002	29967
6003	13584
6004	13588
6005	13589
6006	13590
6007	13591
6008	29979
6009	29980
6010	13598
6011	13599
6012	13602
6013	29990
6014	13608
6015	29994
6016	29996
6017	13614
6018	13615
6019	30000
6020	13617
6021	13618
6022	30002
6023	30003
6024	13621
6025	30007
6026	13625
6027	30013
6028	13630
6029	13629
6030	13634
6031	30020
6032	13639
6033	30028
6034	13647
6035	13648
6036	30031
6037	13650
6038	13651
6039	30033
6040	30037
6041	13649
6042	30039
6043	13657
6044	13662
6045	30048
6046	30049
6047	13672
6048	13673
6049	30058
6050	30063
6051	13681
6052	13682
6053	13684
6054	13685
6055	30071
6056	13688
6057	30074
6058	13691
6059	30083
6060	13704
6061	13705
6062	13706
6063	13708
6064	30095
6065	13718
6066	13724
6067	13725
6068	30115
6069	30116
6070	30117
6071	13738
6072	13739
6073	30125
6074	30128
6075	13746
6076	30135
6077	13753
6078	13759
6079	13762
6080	13764
6081	13765
6082	30149
6083	30151
6084	30150
6085	13769
6086	30153
6087	30156
6088	13773
6089	30158
6090	13776
6091	13779
6092	13780
6093	13781
6094	30168
6095	13787
6096	13788
6097	30172
6098	30174
6099	30175
6100	30178
6101	13795
6102	13796
6103	13797
6104	13804
6105	13805
6106	13806
6107	13811
6108	30200
6109	13824
6110	13825
6111	30217
6112	13833
6113	13835
6114	13836
6115	30221
6116	13839
6117	13844
6118	30234
6119	13852
6120	30241
6121	13859
6122	13860
6123	13861
6124	30243
6125	30244
6126	30251
6127	13868
6128	13869
6129	13872
6130	30257
6131	30258
6132	30259
6133	30261
6134	30262
6135	30264
6136	13882
6137	30266
6138	13884
6139	30267
6140	30271
6141	30273
6142	13891
6143	13892
6144	30277
6145	30287
6146	13904
6147	13907
6148	13913
6149	30298
6150	30299
6151	30303
6152	13924
6153	13925
6154	13926
6155	30312
6156	30313
6157	13931
6158	30321
6159	30322
6160	30329
6161	13948
6162	30332
6163	30333
6164	13949
6165	13958
6166	13959
6167	13963
6168	13964
6169	13965
6170	30348
6171	30351
6172	30352
6173	30377
6174	30378
6175	30379
6176	30381
6177	30382
6178	13998
6179	14001
6180	14002
6181	14003
6182	30389
6183	30391
6184	30393
6185	14020
6186	30404
6187	14023
6188	14030
6189	14033
6190	30419
6191	30421
6192	14037
6193	14038
6194	14039
6195	30425
6196	14042
6197	30426
6198	30427
6199	30433
6200	30436
6201	30437
6202	30448
6203	30452
6204	30453
6205	14070
6206	14071
6207	14072
6208	14076
6209	30462
6210	30472
6211	30473
6212	30478
6213	14095
6214	30479
6215	14098
6216	14099
6217	30492
6218	30494
6219	30496
6220	30497
6221	14115
6222	30500
6223	14117
6224	30502
6225	30507
6226	30509
6227	14126
6228	30514
6229	30517
6230	30518
6231	14134
6232	14137
6233	30523
6234	30525
6235	30528
6236	14146
6237	14147
6238	30537
6239	14154
6240	30540
6241	30544
6242	14164
6243	30548
6244	30549
6245	14169
6246	14170
6247	14171
6248	14172
6249	30557
6250	30559
6251	30560
6252	30561
6253	14179
6254	30564
6255	30565
6256	14182
6257	30568
6258	30569
6259	30583
6260	14205
6261	30590
6262	30591
6263	14208
6264	14209
6265	14210
6266	14211
6267	14212
6268	30595
6269	30597
6270	30592
6271	14219
6272	14220
6273	30604
6274	14224
6275	14225
6276	30610
6277	14227
6278	14228
6279	30616
6280	30622
6281	30623
6282	14240
6283	14241
6284	14242
6285	30626
6286	14245
6287	14247
6288	14249
6289	14250
6290	30633
6291	30634
6292	14251
6293	14258
6294	14259
6295	30650
6296	14267
6297	30658
6298	30659
6299	30663
6300	30666
6301	14284
6302	14285
6303	30669
6304	30673
6305	14291
6306	30677
6307	14296
6308	30680
6309	14303
6310	14308
6311	14313
6312	14320
6313	30706
6314	14324
6315	14325
6316	14326
6317	14328
6318	14330
6319	14331
6320	14332
6321	30717
6322	30719
6323	30723
6324	14340
6325	30729
6326	30733
6327	14350
6328	14354
6329	14355
6330	30740
6331	14360
6332	14361
6333	30752
6334	30754
6335	30755
6336	30760
6337	30762
6338	30767
6339	30773
6340	30775
6341	30776
6342	14399
6343	30784
6344	30785
6345	14405
6346	30797
6347	30803
6348	14420
6349	14421
6350	14432
6351	30818
6352	30820
6353	30825
6354	30834
6355	30836
6356	30841
6357	14458
6358	14459
6359	14460
6360	30849
6361	30851
6362	14470
6363	14471
6364	14472
6365	14477
6366	14478
6367	14479
6368	30862
6369	30866
6370	30867
6371	14486
6372	14487
6373	30876
6374	14501
6375	30886
6376	30887
6377	30885
6378	30889
6379	14508
6380	14515
6381	30902
6382	14519
6383	14520
6384	14524
6385	30908
6386	30912
6387	30913
6388	30914
6389	14530
6390	14533
6391	30923
6392	14543
6393	14544
6394	30927
6395	30928
6396	30934
6397	14556
6398	14557
6399	30945
6400	30950
6401	14567
6402	30953
6403	14571
6404	30956
6405	30955
6406	14575
6407	30960
6408	14581
6409	30967
6410	30978
6411	14607
6412	14609
6413	14610
6414	30996
6415	14617
6416	14619
6417	31004
6418	14622
6419	31008
6420	31014
6421	14631
6422	31016
6423	31017
6424	31024
6425	31025
6426	31027
6427	31028
6428	31030
6429	31034
6430	31037
6431	14657
6432	14658
6433	14659
6434	14660
6435	14662
6436	31050
6437	31052
6438	31054
6439	31055
6440	14670
6441	31059
6442	31062
6443	31063
6444	14681
6445	14682
6446	14683
6447	14684
6448	31068
6449	31071
6450	31072
6451	14692
6452	14703
6453	31089
6454	14709
6455	14710
6456	14711
6457	31097
6458	31102
6459	14720
6460	14721
6461	31105
6462	31104
6463	31108
6464	31112
6465	31114
6466	14730
6467	31117
6468	14736
6469	31121
6470	14739
6471	14740
6472	31129
6473	31130
6474	31131
6475	31133
6476	31142
6477	14760
6478	14761
6479	31145
6480	31149
6481	14766
6482	14785
6483	31172
6484	14789
6485	14790
6486	14794
6487	31178
6488	31180
6489	31181
6490	31188
6491	31189
6492	14807
6493	14809
6494	14810
6495	31194
6496	31195
6497	14814
6498	14815
6499	31198
6500	31201
6501	31204
6502	14824
6503	14826
6504	14829
6505	14831
6506	14836
6507	14837
6508	31229
6509	14846
6510	14851
6511	31236
6512	31237
6513	14854
6514	14855
6515	31242
6516	14859
6517	14860
6518	31243
6519	14862
6520	31251
6521	14871
6522	31259
6523	14878
6524	31263
6525	31265
6526	31267
6527	14888
6528	14889
6529	14890
6530	31272
6531	14893
6532	31277
6533	31280
6534	31287
6535	14906
6536	31293
6537	14911
6538	14914
6539	14915
6540	14920
6541	14922
6542	14923
6543	14927
6544	31314
6545	31319
6546	31324
6547	31325
6548	31326
6549	31330
6550	31333
6551	31337
6552	31344
6553	31345
6554	31346
6555	14966
6556	31351
6557	14968
6558	14977
6559	31362
6560	31368
6561	14992
6562	14996
6563	31384
6564	15004
6565	15005
6566	31390
6567	31392
6568	31393
6569	31395
6570	31396
6571	31398
6572	15016
6573	15017
6574	31402
6575	31406
6576	15025
6577	15026
6578	31419
6579	15037
6580	15038
6581	31423
6582	15041
6583	15044
6584	31438
6585	15055
6586	15057
6587	31447
6588	31454
6589	15071
6590	15072
6591	31455
6592	31460
6593	31461
6594	31462
6595	31465
6596	31468
6597	15086
6598	15087
6599	15088
6600	31472
6601	15092
6602	15093
6603	31476
6604	31480
6605	15097
6606	15101
6607	31485
6608	31502
6609	15119
6610	15120
6611	15122
6612	31508
6613	31513
6614	15130
6615	31514
6616	15129
6617	31517
6618	31520
6619	31521
6620	15142
6621	31527
6622	15143
6623	15145
6624	15146
6625	15147
6626	15148
6627	15149
6628	15150
6629	31536
6630	15153
6631	15154
6632	15155
6633	31539
6634	15163
6635	31547
6636	31550
6637	31555
6638	15173
6639	31557
6640	31558
6641	15177
6642	15178
6643	31561
6644	31565
6645	15185
6646	15188
6647	31572
6648	15189
6649	31576
6650	31583
6651	15205
6652	31589
6653	31590
6654	31594
6655	15212
6656	15213
6657	15217
6658	31602
6659	31601
6660	15225
6661	15226
6662	31609
6663	15230
6664	15231
6665	31618
6666	15236
6667	15242
6668	15245
6669	15254
6670	31647
6671	31648
6672	15265
6673	31651
6674	15268
6675	31653
6676	31652
6677	15272
6678	31657
6679	31656
6680	15278
6681	31662
6682	31668
6683	31671
6684	15288
6685	15289
6686	15290
6687	15291
6688	31678
6689	15296
6690	31681
6691	31683
6692	15308
6693	31693
6694	31695
6695	15314
6696	15315
6697	31699
6698	31705
6699	15327
6700	31712
6701	31715
6702	15334
6703	15340
6704	31726
6705	31730
6706	15350
6707	31734
6708	31736
6709	31739
6710	31740
6711	31743
6712	31748
6713	31751
6714	31752
6715	15380
6716	15389
6717	15396
6718	15397
6719	15403
6720	15406
6721	15408
6722	31792
6723	15411
6724	15414
6725	31799
6726	31800
6727	15418
6728	31802
6729	15420
6730	31809
6731	31813
6732	15430
6733	31814
6734	15445
6735	15446
6736	31834
6737	31847
6738	31848
6739	15465
6740	15466
6741	31852
6742	31853
6743	31854
6744	15492
6745	15495
6746	31882
6747	15504
6748	15505
6749	15508
6750	15512
6751	15521
6752	15522
6753	31906
6754	15526
6755	15531
6756	15534
6757	15535
6758	15536
6759	31921
6760	31920
6761	31929
6762	15546
6763	15549
6764	31936
6765	15553
6766	15556
6767	31949
6768	15566
6769	31950
6770	31951
6771	31955
6772	15576
6773	15578
6774	31965
6775	15582
6776	15586
6777	31970
6778	15593
6779	15594
6780	31981
6781	15598
6782	31996
6783	31997
6784	32001
6785	15620
6786	32008
6787	15627
6788	15628
6789	32017
6790	15637
6791	15638
6792	32025
6793	15643
6794	32027
6795	15645
6796	15646
6797	32031
6798	15654
6799	15657
6800	32043
6801	32047
6802	15664
6803	15665
6804	32061
6805	15678
6806	15679
6807	32064
6808	15683
6809	15691
6810	15692
6811	32076
6812	15695
6813	15696
6814	15697
6815	15700
6816	32087
6817	15707
6818	15708
6819	15709
6820	32094
6821	15713
6822	15714
6823	32099
6824	32101
6825	15721
6826	32105
6827	32107
6828	32108
6829	15726
6830	15727
6831	15728
6832	32112
6833	32111
6834	15731
6835	15732
6836	32117
6837	15734
6838	15738
6839	15739
6840	15744
6841	32136
6842	15755
6843	15762
6844	15763
6845	32150
6846	15767
6847	32157
6848	32158
6849	32160
6850	32161
6851	15778
6852	32163
6853	32164
6854	32165
6855	15783
6856	15784
6857	32167
6858	32168
6859	15789
6860	32174
6861	32178
6862	32182
6863	32183
6864	32185
6865	32186
6866	15805
6867	32190
6868	15807
6869	32191
6870	15809
6871	15810
6872	15812
6873	15816
6874	15817
6875	32200
6876	15819
6877	32202
6878	15820
6879	32208
6880	15831
6881	15832
6882	15833
6883	32220
6884	32224
6885	32233
6886	15852
6887	15853
6888	32238
6889	32243
6890	32245
6891	15863
6892	15864
6893	15865
6894	32251
6895	32252
6896	32254
6897	32257
6898	32258
6899	15875
6900	15876
6901	32259
6902	32263
6903	15880
6904	32265
6905	32264
6906	32269
6907	32270
6908	32272
6909	15888
6910	15890
6911	15891
6912	15899
6913	15900
6914	32297
6915	15916
6916	32305
6917	32306
6918	32309
6919	15926
6920	15930
6921	15944
6922	15946
6923	15947
6924	15948
6925	32335
6926	15951
6927	15952
6928	32337
6929	15955
6930	15958
6931	32347
6932	15969
6933	15971
6934	15975
6935	15977
6936	15979
6937	15981
6938	32366
6939	32375
6940	32378
6941	15995
6942	32379
6943	15998
6944	32383
6945	32384
6946	16001
6947	32395
6948	16014
6949	32401
6950	32402
6951	16018
6952	32408
6953	32416
6954	16032
6955	16036
6956	16037
6957	32422
6958	32430
6959	32432
6960	16049
6961	16050
6962	16060
6963	16061
6964	32447
6965	16064
6966	32460
6967	16079
6968	32466
6969	32468
6970	16085
6971	16086
6972	16087
6973	32473
6974	32475
6975	16091
6976	16115
6977	16116
6978	16117
6979	16118
6980	32499
6981	16120
6982	32505
6983	32506
6984	16123
6985	16124
6986	32504
6987	32510
6988	32518
6989	32519
6990	32521
6991	32523
6992	16140
6993	16141
6994	16145
6995	16149
6996	16150
6997	16153
6998	32541
6999	16157
7000	16160
7001	16163
7002	32552
7003	16172
7004	16173
7005	16176
7006	16177
7007	32560
7008	16179
7009	32564
7010	16183
7011	16184
7012	16187
7013	32576
7014	16196
7015	32585
7016	16205
7017	16206
7018	16207
7019	16212
7020	32598
7021	16216
7022	16217
7023	32601
7024	32607
7025	16225
7026	16226
7027	16229
7028	16230
7029	32615
7030	32618
7031	16235
7032	32620
7033	16237
7034	16240
7035	16241
7036	32625
7037	16252
7038	32643
7039	16260
7040	32653
7041	16273
7042	16274
7043	32658
7044	32660
7045	32664
7046	32665
7047	32666
7048	16285
7049	16286
7050	16289
7051	16290
7052	16291
7053	32674
7054	32685
7055	16308
7056	16309
7057	16324
7058	16325
7059	16336
7060	32720
7061	16338
7062	16339
7063	32723
7064	16342
7065	32726
7066	16344
7067	16345
7068	32733
7069	16352
7070	16353
7071	32738
7072	32737
7073	16356
7074	16358
7075	32746
7076	16364
7077	16366
7078	16367
7079	16376
7080	32763
7081	32767
